8 0.483398 0.807617 0.482422 0.807617 0.481934 0.808594 0.479980 0.808594 0.479980 0.810547 0.479492 0.811523 0.479492 0.814453 0.479004 0.815430 0.479004 0.819336 0.478516 0.820312 0.478516 0.836914 0.479004 0.837891 0.479004 0.838867 0.479492 0.839844 0.480469 0.839844 0.480957 0.838867 0.481445 0.838867 0.481934 0.837891 0.482422 0.837891 0.482910 0.836914 0.483398 0.836914 0.483887 0.835938 0.484375 0.835938 0.484863 0.834961 0.484863 0.833984 0.485352 0.833008 0.485352 0.832031 0.485840 0.831055 0.485840 0.830078 0.486816 0.828125 0.486816 0.813477 0.486328 0.812500 0.485840 0.812500
8 0.541016 0.757812 0.540527 0.756836 0.540527 0.755859 0.540039 0.754883 0.540039 0.753906 0.539551 0.752930 0.537109 0.752930 0.536621 0.753906 0.532715 0.753906 0.532227 0.754883 0.531738 0.754883 0.531250 0.755859 0.530762 0.755859 0.530273 0.756836 0.529785 0.756836 0.529785 0.757812 0.529297 0.758789 0.529297 0.761719 0.528809 0.762695 0.528809 0.764648 0.530273 0.764648 0.530762 0.763672 0.533203 0.763672 0.533691 0.762695 0.535645 0.762695 0.536133 0.761719 0.537598 0.761719 0.538086 0.760742 0.538574 0.760742 0.539062 0.759766 0.539551 0.759766 0.540039 0.758789 0.540527 0.758789
8 0.451172 0.606445 0.451172 0.607422 0.451660 0.608398 0.451660 0.609375 0.452148 0.610352 0.452148 0.612305 0.452637 0.613281 0.452637 0.614258 0.453613 0.616211 0.454102 0.616211 0.454590 0.617188 0.455566 0.617188 0.456055 0.618164 0.457031 0.618164 0.457520 0.619141 0.458984 0.619141 0.458984 0.617188 0.459473 0.616211 0.459473 0.615234 0.458984 0.614258 0.458496 0.614258 0.457520 0.612305 0.456543 0.612305 0.456055 0.611328 0.455566 0.611328 0.454590 0.609375 0.454102 0.609375 0.453613 0.608398 0.453125 0.608398 0.452637 0.607422 0.452148 0.607422 0.451660 0.606445
8 0.436035 0.585938 0.436035 0.586914 0.436523 0.587891 0.436523 0.588867 0.437500 0.590820 0.437500 0.591797 0.438477 0.593750 0.438477 0.594727 0.439453 0.596680 0.439941 0.596680 0.440430 0.597656 0.442383 0.597656 0.442871 0.598633 0.443848 0.596680 0.443359 0.595703 0.443359 0.594727 0.442871 0.593750 0.442871 0.592773 0.442383 0.591797 0.442383 0.590820 0.441895 0.589844 0.441895 0.588867 0.441406 0.587891 0.440918 0.587891 0.440430 0.586914 0.439941 0.586914 0.439453 0.585938 0.438965 0.585938 0.438477 0.584961 0.436523 0.584961
8 0.413574 0.563477 0.412109 0.563477 0.411621 0.564453 0.411133 0.564453 0.410156 0.566406 0.409668 0.566406 0.409180 0.567383 0.409180 0.568359 0.408203 0.570312 0.408203 0.571289 0.408691 0.572266 0.408691 0.575195 0.409180 0.576172 0.409180 0.577148 0.409668 0.576172 0.410156 0.576172 0.410156 0.575195 0.413086 0.569336 0.413086 0.568359 0.413574 0.567383
8 0.461914 0.526367 0.461914 0.527344 0.462402 0.528320 0.462402 0.531250 0.462891 0.532227 0.462891 0.533203 0.466797 0.533203 0.466797 0.532227 0.466309 0.531250 0.466309 0.529297 0.465820 0.528320 0.465820 0.527344 0.465332 0.526367
8 0.439941 0.518555 0.439453 0.517578 0.438965 0.517578 0.438477 0.516602 0.437500 0.516602 0.437012 0.517578 0.436523 0.517578 0.436035 0.518555 0.435547 0.518555 0.435059 0.519531 0.434570 0.519531 0.434082 0.520508 0.433105 0.520508 0.433105 0.523438 0.434082 0.523438 0.434570 0.524414 0.435059 0.524414 0.435547 0.525391 0.437500 0.525391 0.438477 0.523438 0.438965 0.523438 0.439941 0.521484
8 0.382812 0.508789 0.382812 0.509766 0.383301 0.510742 0.383301 0.513672 0.383789 0.514648 0.383789 0.515625 0.384277 0.516602 0.384766 0.516602 0.385742 0.518555 0.386719 0.518555 0.388184 0.521484 0.388672 0.521484 0.389160 0.522461 0.390625 0.519531 0.390625 0.518555 0.392090 0.515625 0.390625 0.512695 0.390625 0.511719 0.389160 0.508789
8 0.358887 0.433594 0.358887 0.436523 0.359375 0.437500 0.359375 0.440430 0.363770 0.440430 0.364258 0.439453 0.374023 0.439453 0.374512 0.440430 0.374512 0.446289 0.375488 0.448242 0.375488 0.449219 0.376465 0.451172 0.377930 0.451172 0.378418 0.452148 0.381836 0.452148 0.382324 0.451172 0.384277 0.451172 0.384766 0.452148 0.386719 0.452148 0.387207 0.453125 0.389648 0.453125 0.390137 0.454102 0.394531 0.454102 0.395020 0.453125 0.398438 0.453125 0.398926 0.452148 0.402832 0.452148 0.403320 0.451172 0.406250 0.451172 0.406738 0.450195 0.410156 0.450195 0.410645 0.451172 0.411621 0.451172 0.412109 0.450195 0.412598 0.450195 0.413574 0.448242 0.413574 0.447266 0.413086 0.446289 0.413086 0.444336 0.412598 0.443359 0.412598 0.440430 0.412109 0.439453 0.412109 0.438477 0.411621 0.437500 0.411133 0.437500 0.410156 0.435547 0.409668 0.435547 0.408203 0.432617 0.407715 0.432617 0.406738 0.430664 0.406250 0.430664 0.405762 0.429688 0.404785 0.429688 0.403320 0.427734 0.401855 0.427734 0.401367 0.426758 0.400391 0.426758 0.399902 0.425781 0.399414 0.425781 0.398926 0.424805 0.397949 0.424805 0.397461 0.423828 0.393555 0.423828 0.393066 0.422852 0.387695 0.422852 0.387207 0.421875 0.383789 0.421875 0.383301 0.420898 0.382812 0.420898 0.382324 0.419922 0.381348 0.419922 0.380859 0.418945 0.380371 0.418945 0.379395 0.416992 0.378418 0.416992 0.377930 0.416016 0.377441 0.416016 0.376953 0.416992 0.375977 0.416992 0.375488 0.417969 0.375488 0.418945 0.374512 0.420898 0.374512 0.424805 0.375000 0.425781 0.375000 0.427734 0.374512 0.428711 0.372559 0.428711 0.372070 0.429688 0.369141 0.429688 0.367676 0.427734 0.364746 0.427734 0.364258 0.428711 0.361328 0.428711
8 0.648926 0.355469 0.648438 0.354492 0.647949 0.354492 0.647461 0.353516 0.646484 0.353516 0.645996 0.354492 0.645020 0.354492 0.644531 0.355469 0.644043 0.355469 0.644043 0.356445 0.643066 0.358398 0.643066 0.359375 0.642578 0.360352 0.642578 0.361328 0.643066 0.362305 0.645996 0.362305 0.647949 0.358398 0.647949 0.357422
8 0.562988 0.329102 0.562988 0.325195 0.560547 0.325195 0.560059 0.326172 0.556641 0.326172 0.557129 0.327148 0.557129 0.328125 0.558105 0.330078 0.558594 0.330078 0.559082 0.331055 0.560059 0.331055 0.560547 0.330078 0.562012 0.330078 0.562500 0.329102
8 0.782227 0.317383 0.781250 0.319336 0.780762 0.319336 0.780273 0.320312 0.779785 0.319336 0.779297 0.319336 0.778809 0.318359 0.778320 0.318359 0.777832 0.319336 0.776855 0.319336 0.775879 0.321289 0.775391 0.321289 0.773926 0.324219 0.773438 0.324219 0.772461 0.326172 0.771973 0.326172 0.770996 0.328125 0.770508 0.328125 0.769531 0.330078 0.767578 0.330078 0.767090 0.331055 0.766602 0.330078 0.766113 0.330078 0.765137 0.328125 0.764648 0.328125 0.762695 0.324219 0.762207 0.324219 0.761719 0.325195 0.760254 0.325195 0.759766 0.326172 0.758789 0.326172 0.758301 0.327148 0.757324 0.327148 0.756836 0.328125 0.756348 0.328125 0.756348 0.329102 0.757324 0.331055 0.757324 0.333008 0.757812 0.333984 0.757812 0.334961 0.758301 0.335938 0.758301 0.337891 0.758789 0.338867 0.758789 0.339844 0.759277 0.340820 0.759277 0.342773 0.759766 0.343750 0.759766 0.344727 0.760254 0.345703 0.760254 0.347656 0.761230 0.349609 0.761230 0.350586 0.761719 0.350586 0.762207 0.349609 0.762695 0.349609 0.763184 0.348633 0.763672 0.348633 0.764160 0.347656 0.765137 0.347656 0.765625 0.346680 0.766113 0.346680 0.766602 0.345703 0.767090 0.345703 0.767578 0.344727 0.767578 0.342773 0.768066 0.341797 0.768555 0.341797 0.769043 0.340820 0.770020 0.340820 0.770508 0.339844 0.771484 0.339844 0.771973 0.338867 0.772949 0.338867 0.773438 0.337891 0.773926 0.337891 0.774414 0.336914 0.774902 0.336914 0.776855 0.333008 0.777344 0.333008 0.777832 0.332031 0.778320 0.332031 0.779785 0.329102 0.780273 0.329102 0.781250 0.327148 0.781250 0.326172 0.781738 0.325195 0.781738 0.324219 0.782227 0.323242
8 0.515137 0.314453 0.515137 0.317383 0.516113 0.319336 0.516602 0.319336 0.517090 0.318359 0.517578 0.318359 0.518066 0.317383 0.518555 0.317383 0.519043 0.316406 0.521973 0.316406 0.522461 0.317383 0.525879 0.317383 0.526367 0.318359 0.535645 0.318359 0.536133 0.317383 0.536621 0.317383 0.536621 0.313477 0.536133 0.312500 0.535645 0.312500 0.535156 0.311523 0.534668 0.311523 0.534180 0.310547 0.533691 0.310547 0.533203 0.309570 0.531738 0.309570 0.531250 0.308594 0.528809 0.308594 0.528320 0.307617 0.525391 0.307617 0.524902 0.308594 0.522461 0.308594 0.521973 0.309570 0.520508 0.309570 0.520508 0.311523 0.520020 0.312500 0.519043 0.312500 0.518555 0.313477 0.516602 0.313477 0.516113 0.314453
8 0.296875 0.328125 0.296387 0.327148 0.296387 0.326172 0.295898 0.325195 0.295898 0.324219 0.295410 0.323242 0.295410 0.322266 0.294434 0.320312 0.294434 0.319336 0.293945 0.318359 0.293945 0.317383 0.292969 0.314453 0.292480 0.314453 0.291504 0.312500 0.291016 0.312500 0.289551 0.309570 0.288086 0.309570 0.287598 0.308594 0.284668 0.308594 0.284180 0.307617 0.283203 0.307617 0.282227 0.305664 0.282227 0.302734 0.281738 0.301758 0.281738 0.298828 0.281250 0.297852 0.281250 0.294922 0.280762 0.293945 0.280762 0.291992 0.280273 0.291016 0.280273 0.290039 0.280273 0.291016 0.279785 0.291992 0.279785 0.292969 0.278809 0.294922 0.278809 0.295898 0.278320 0.296875 0.278320 0.298828 0.277832 0.299805 0.277832 0.300781 0.277344 0.301758 0.276855 0.301758 0.276855 0.302734 0.276367 0.303711 0.276367 0.304688 0.275391 0.306641 0.274414 0.306641 0.273926 0.307617 0.270508 0.307617 0.270020 0.308594 0.266113 0.308594 0.265625 0.309570 0.264160 0.309570 0.264160 0.310547 0.265137 0.313477 0.264648 0.314453 0.264160 0.314453 0.263672 0.313477 0.261230 0.313477 0.260742 0.312500 0.256348 0.312500 0.255859 0.311523 0.254883 0.311523 0.254395 0.312500 0.254395 0.314453 0.254883 0.314453 0.256348 0.316406 0.257324 0.316406 0.257812 0.317383 0.258301 0.317383 0.259766 0.319336 0.257812 0.323242 0.257324 0.323242 0.256348 0.325195 0.255859 0.325195 0.254395 0.328125 0.253418 0.328125 0.252930 0.329102 0.255371 0.329102 0.255859 0.328125 0.256836 0.328125 0.257324 0.327148 0.258301 0.327148 0.258789 0.326172 0.259766 0.326172 0.260254 0.325195 0.261719 0.325195 0.262207 0.324219 0.263184 0.324219 0.263672 0.323242 0.264648 0.323242 0.266113 0.325195 0.266113 0.326172 0.265625 0.327148 0.265625 0.328125 0.264648 0.330078 0.264160 0.330078 0.264160 0.331055 0.263672 0.332031 0.272949 0.332031 0.273438 0.333008 0.275879 0.333008 0.276367 0.333984 0.279297 0.333984 0.279785 0.333008 0.281250 0.333008 0.281738 0.332031 0.283203 0.332031 0.283691 0.331055 0.285645 0.331055 0.286133 0.330078 0.287598 0.330078 0.288086 0.329102 0.294922 0.329102 0.295410 0.328125
8 0.290039 0.245117 0.290039 0.254883 0.294434 0.254883 0.294922 0.255859 0.302246 0.255859 0.303711 0.252930 0.304199 0.252930 0.305664 0.250000 0.305664 0.246094 0.304688 0.246094 0.304199 0.245117 0.302734 0.245117 0.302246 0.244141 0.300293 0.244141 0.299805 0.243164 0.296875 0.243164 0.296387 0.244141 0.291992 0.244141 0.291504 0.245117
11 0.888184 0.830078 0.890137 0.854492 0.896973 0.877930 0.896484 0.884766 0.898926 0.889648 0.906738 0.896484 0.918457 0.899414 0.918945 0.900391 0.920898 0.900391 0.923828 0.904297 0.927246 0.904297 0.941406 0.919922 0.944336 0.925781 0.945801 0.948242 0.949707 0.956055 0.951660 0.965820 0.954102 0.972656 0.955566 0.974609 0.956543 0.978516 0.958496 0.981445 0.961914 0.990234 0.965820 0.996094 0.965820 0.999023 0.999512 0.999023 0.999512 0.830078 0.995117 0.827148 0.977539 0.825195 0.975098 0.822266 0.962891 0.819336 0.962402 0.818359 0.936035 0.820312 0.935547 0.819336 0.931641 0.819336 0.931152 0.818359 0.927246 0.818359 0.926758 0.817383 0.922852 0.817383 0.922363 0.816406 0.905762 0.817383 0.898926 0.824219
11 0.255859 0.751953 0.250977 0.750000 0.249512 0.752930 0.248535 0.775391 0.247559 0.777344 0.246582 0.775391 0.247559 0.761719 0.246094 0.748047 0.239746 0.737305 0.236328 0.734375 0.233398 0.738281 0.231934 0.744141 0.228027 0.749023 0.218262 0.749023 0.213867 0.752930 0.213867 0.759766 0.210938 0.765625 0.213867 0.773438 0.210938 0.788086 0.208496 0.793945 0.205566 0.795898 0.204590 0.801758 0.197754 0.812500 0.194824 0.822266 0.194824 0.829102 0.199219 0.834961 0.202148 0.841797 0.203125 0.847656 0.203125 0.857422 0.199707 0.863281 0.188477 0.868164 0.186035 0.872070 0.185547 0.876953 0.184570 0.878906 0.181152 0.878906 0.178711 0.886719 0.173828 0.891602 0.171387 0.891602 0.173828 0.907227 0.178711 0.919922 0.177734 0.933594 0.178711 0.939453 0.181152 0.941406 0.187500 0.939453 0.191895 0.936523 0.198730 0.926758 0.207520 0.918945 0.212402 0.918945 0.215820 0.924805 0.215820 0.937500 0.216797 0.941406 0.219238 0.943359 0.225586 0.942383 0.235840 0.935547 0.245117 0.918945 0.246582 0.918945 0.249512 0.913086 0.252441 0.899414 0.252930 0.891602 0.261719 0.871094 0.255859 0.865234 0.251465 0.856445 0.250977 0.834961 0.252441 0.826172 0.255859 0.819336 0.257324 0.819336 0.260254 0.829102 0.261719 0.829102 0.267090 0.835938 0.274414 0.825195 0.275879 0.826172 0.276367 0.829102 0.278809 0.831055 0.279785 0.829102 0.278809 0.809570 0.277832 0.812500 0.276367 0.813477 0.274902 0.818359 0.272461 0.814453 0.271484 0.810547 0.270020 0.814453 0.265137 0.815430 0.263184 0.819336 0.259277 0.819336 0.258301 0.817383 0.256348 0.801758 0.264160 0.791016 0.266113 0.780273 0.259766 0.773438 0.259277 0.761719
11 0.560547 0.714844 0.556641 0.714844 0.556152 0.715820 0.552734 0.715820 0.550781 0.719727 0.550293 0.719727 0.549316 0.721680 0.548828 0.721680 0.547852 0.723633 0.547363 0.723633 0.546387 0.725586 0.545898 0.725586 0.545410 0.726562 0.543945 0.726562 0.543457 0.727539 0.541992 0.727539 0.541504 0.728516 0.540039 0.728516 0.539551 0.729492 0.538086 0.729492 0.537598 0.730469 0.537109 0.730469 0.535156 0.734375 0.534668 0.734375 0.534180 0.735352 0.534180 0.736328 0.532227 0.740234 0.532227 0.741211 0.531738 0.742188 0.531738 0.746094 0.531250 0.747070 0.531250 0.749023 0.529297 0.752930 0.528320 0.752930 0.527832 0.753906 0.524902 0.753906 0.524414 0.754883 0.523438 0.754883 0.522461 0.756836 0.521973 0.756836 0.520996 0.758789 0.520996 0.761719 0.520508 0.762695 0.520508 0.766602 0.519531 0.768555 0.519043 0.768555 0.518066 0.770508 0.518066 0.771484 0.516602 0.774414 0.516602 0.775391 0.515625 0.777344 0.515625 0.778320 0.515137 0.779297 0.515137 0.780273 0.514648 0.781250 0.514648 0.782227 0.514160 0.783203 0.514160 0.784180 0.513672 0.785156 0.513672 0.786133 0.512695 0.789062 0.512695 0.794922 0.512207 0.795898 0.512207 0.803711 0.512695 0.804688 0.512695 0.805664 0.513184 0.806641 0.514648 0.803711 0.515137 0.803711 0.517578 0.798828 0.518066 0.798828 0.519043 0.796875 0.519531 0.796875 0.520996 0.794922 0.521973 0.794922 0.522461 0.793945 0.524902 0.793945 0.525391 0.794922 0.527344 0.794922 0.527832 0.795898 0.528320 0.795898 0.528809 0.796875 0.529297 0.796875 0.529785 0.797852 0.530273 0.797852 0.530762 0.798828 0.531250 0.798828 0.532715 0.800781 0.533203 0.799805 0.533203 0.798828 0.533691 0.797852 0.534180 0.794922 0.535645 0.792969 0.535645 0.791992 0.536133 0.791016 0.536133 0.790039 0.536621 0.789062 0.536621 0.788086 0.537109 0.787109 0.537109 0.786133 0.537598 0.785156 0.537598 0.784180 0.538086 0.783203 0.538086 0.782227 0.538574 0.781250 0.538574 0.780273 0.539062 0.779297 0.539062 0.778320 0.540039 0.775391 0.540039 0.770508 0.540527 0.769531 0.540527 0.764648 0.541504 0.762695 0.541992 0.762695 0.542480 0.761719 0.543457 0.761719 0.543945 0.760742 0.544922 0.760742 0.545410 0.759766 0.545898 0.759766 0.547363 0.757812 0.548340 0.757812 0.550293 0.753906 0.550781 0.753906 0.555176 0.745117 0.555176 0.744141 0.557129 0.740234 0.558594 0.739258 0.562012 0.732422 0.562012 0.731445 0.562500 0.730469 0.562500 0.727539 0.562988 0.726562 0.562988 0.723633 0.562012 0.721680 0.562012 0.720703 0.561523 0.719727 0.561523 0.718750 0.561035 0.717773
11 0.233887 0.725586 0.228027 0.715820 0.222656 0.695312 0.208984 0.674805 0.187012 0.674805 0.187500 0.668945 0.181152 0.663086 0.167480 0.662109 0.154297 0.669922 0.152832 0.694336 0.156250 0.710938 0.157227 0.725586 0.152832 0.740234 0.144531 0.757812 0.127441 0.776367 0.116211 0.792969 0.101074 0.801758 0.097656 0.809570 0.071289 0.841797 0.056152 0.877930 0.053223 0.890625 0.053223 0.919922 0.046387 0.937500 0.045410 0.935547 0.049316 0.926758 0.051270 0.891602 0.056152 0.872070 0.062012 0.859375 0.062988 0.848633 0.072266 0.829102 0.071777 0.824219 0.067383 0.822266 0.069824 0.815430 0.066895 0.810547 0.052246 0.810547 0.049805 0.807617 0.048828 0.801758 0.043457 0.801758 0.047852 0.808594 0.032715 0.819336 0.023438 0.842773 0.018555 0.849609 0.019531 0.858398 0.009277 0.875977 0.000000 0.881836 0.000000 0.999023 0.009277 0.999023 0.010254 0.992188 0.028320 0.960938 0.029297 0.961914 0.014160 0.989258 0.013184 0.999023 0.067383 0.999023 0.071777 0.991211 0.083008 0.990234 0.079590 0.999023 0.134277 0.999023 0.135742 0.992188 0.144531 0.978516 0.147949 0.968750 0.136230 0.960938 0.131348 0.949219 0.130371 0.938477 0.126465 0.928711 0.127441 0.922852 0.129883 0.919922 0.127930 0.913086 0.129395 0.899414 0.134277 0.890625 0.140137 0.889648 0.142578 0.892578 0.146484 0.886719 0.154297 0.884766 0.158691 0.887695 0.167969 0.886719 0.173340 0.877930 0.175781 0.877930 0.176758 0.871094 0.174805 0.867188 0.174805 0.860352 0.178223 0.855469 0.182617 0.838867 0.187500 0.829102 0.187988 0.803711 0.196777 0.793945 0.202148 0.782227 0.199219 0.776367 0.192383 0.773438 0.195312 0.764648 0.195801 0.747070 0.201172 0.740234 0.198242 0.733398 0.201172 0.732422 0.206055 0.741211 0.217285 0.745117 0.234375 0.734375
11 0.148926 0.658203 0.147461 0.654297 0.142578 0.648438 0.127930 0.645508 0.127441 0.644531 0.125488 0.644531 0.120117 0.649414 0.114746 0.651367 0.110840 0.651367 0.107422 0.655273 0.102539 0.651367 0.095703 0.651367 0.086426 0.656250 0.079590 0.654297 0.076172 0.664062 0.071289 0.664062 0.067383 0.667969 0.063477 0.669922 0.060059 0.680664 0.054199 0.685547 0.051758 0.689453 0.048340 0.690430 0.044922 0.693359 0.041504 0.694336 0.037598 0.697266 0.034180 0.694336 0.028809 0.696289 0.023438 0.690430 0.020508 0.689453 0.013672 0.693359 0.011230 0.693359 0.004395 0.697266 0.000000 0.698242 0.000000 0.782227 0.011230 0.778320 0.024414 0.779297 0.028809 0.783203 0.032715 0.792969 0.036133 0.793945 0.037598 0.795898 0.048340 0.795898 0.066895 0.788086 0.073730 0.780273 0.079590 0.775391 0.085449 0.765625 0.090332 0.763672 0.095703 0.757812 0.097656 0.757812 0.103027 0.751953 0.105957 0.750977 0.111816 0.745117 0.119141 0.734375 0.126953 0.731445 0.136719 0.720703 0.141113 0.710938 0.141113 0.690430 0.143066 0.686523 0.144531 0.686523 0.147461 0.678711 0.147461 0.669922 0.149414 0.664062
11 0.231445 0.482422 0.227539 0.471680 0.226074 0.461914 0.216797 0.446289 0.205078 0.433594 0.197266 0.419922 0.187012 0.413086 0.182617 0.413086 0.173340 0.419922 0.170898 0.424805 0.171875 0.454102 0.169922 0.466797 0.169922 0.483398 0.172852 0.496094 0.168457 0.503906 0.159668 0.509766 0.150879 0.520508 0.142090 0.544922 0.138672 0.541992 0.132812 0.550781 0.125977 0.552734 0.123047 0.546875 0.120605 0.553711 0.120117 0.544922 0.116211 0.532227 0.109375 0.529297 0.104004 0.521484 0.093750 0.521484 0.085449 0.534180 0.078125 0.538086 0.080566 0.545898 0.065430 0.548828 0.049316 0.532227 0.046387 0.523438 0.037598 0.517578 0.027344 0.521484 0.000000 0.519531 0.000000 0.664062 0.007324 0.662109 0.016602 0.653320 0.025391 0.637695 0.040527 0.632812 0.051758 0.622070 0.068359 0.623047 0.075684 0.628906 0.081055 0.637695 0.088379 0.641602 0.087891 0.633789 0.093750 0.614258 0.102539 0.597656 0.106934 0.593750 0.111328 0.593750 0.114258 0.588867 0.111816 0.574219 0.112793 0.567383 0.113770 0.568359 0.114258 0.579102 0.118652 0.587891 0.127930 0.587891 0.134277 0.583984 0.140137 0.588867 0.143066 0.605469 0.139648 0.618164 0.139160 0.632812 0.140137 0.639648 0.145996 0.644531 0.153809 0.658203 0.183594 0.657227 0.196777 0.650391 0.202148 0.645508 0.204102 0.639648 0.207520 0.636719 0.214355 0.618164 0.225098 0.605469 0.230957 0.592773 0.234863 0.568359 0.235352 0.557617 0.238281 0.546875 0.236328 0.538086 0.237305 0.529297 0.234863 0.522461 0.232422 0.503906 0.232910 0.495117 0.231445 0.490234
11 0.606934 0.455078 0.603027 0.447266 0.578613 0.448242 0.567871 0.437500 0.562012 0.414062 0.563965 0.401367 0.544922 0.421875 0.540527 0.405273 0.546387 0.386719 0.550781 0.385742 0.532715 0.375000 0.531738 0.362305 0.524902 0.365234 0.513672 0.383789 0.500488 0.391602 0.485840 0.430664 0.483398 0.461914 0.486328 0.481445 0.493652 0.493164 0.511230 0.502930 0.497559 0.527344 0.492188 0.561523 0.482910 0.574219 0.471680 0.566406 0.467773 0.550781 0.463379 0.545898 0.449707 0.541992 0.423828 0.544922 0.436523 0.538086 0.432617 0.523438 0.436035 0.512695 0.434570 0.497070 0.425781 0.474609 0.408203 0.456055 0.378418 0.453125 0.374023 0.442383 0.360840 0.443359 0.355957 0.451172 0.345215 0.443359 0.341797 0.435547 0.334961 0.436523 0.330078 0.423828 0.326172 0.427734 0.316895 0.416992 0.298340 0.418945 0.299316 0.433594 0.288086 0.473633 0.290527 0.490234 0.294922 0.496094 0.272949 0.533203 0.274902 0.546875 0.287109 0.552734 0.274414 0.552734 0.270020 0.560547 0.258789 0.558594 0.255859 0.566406 0.251465 0.566406 0.249023 0.575195 0.251953 0.585938 0.250000 0.600586 0.263672 0.617188 0.274902 0.664062 0.272461 0.693359 0.267578 0.707031 0.271484 0.710938 0.267578 0.732422 0.263184 0.729492 0.257324 0.740234 0.262695 0.749023 0.266602 0.770508 0.274902 0.777344 0.286621 0.805664 0.293945 0.807617 0.287109 0.807617 0.280273 0.856445 0.257812 0.896484 0.245117 0.940430 0.237793 0.952148 0.234863 0.999023 0.339844 0.999023 0.341797 0.990234 0.344238 0.999023 0.353027 0.999023 0.352051 0.972656 0.358887 0.999023 0.439941 0.999023 0.439941 0.960938 0.462402 0.916992 0.462402 0.891602 0.478516 0.860352 0.478516 0.786133 0.484863 0.774414 0.486816 0.762695 0.485352 0.718750 0.507324 0.718750 0.529785 0.697266 0.532715 0.663086 0.540527 0.657227 0.547363 0.632812 0.575684 0.593750 0.591797 0.559570 0.599121 0.503906 0.604980 0.518555 0.606934 0.516602 0.607910 0.506836 0.601074 0.497070 0.603027 0.491211 0.607422 0.491211 0.609863 0.497070 0.605957 0.483398
11 0.842285 0.252930 0.834961 0.250000 0.831055 0.247070 0.829590 0.239258 0.826172 0.239258 0.821777 0.243164 0.813965 0.244141 0.810547 0.251953 0.807129 0.253906 0.802734 0.260742 0.798340 0.261719 0.794434 0.268555 0.792480 0.268555 0.789062 0.271484 0.782715 0.274414 0.781250 0.282227 0.777344 0.289062 0.775879 0.290039 0.773438 0.294922 0.772461 0.298828 0.772461 0.310547 0.770996 0.314453 0.771973 0.322266 0.770020 0.325195 0.768555 0.325195 0.767090 0.327148 0.764648 0.327148 0.767090 0.330078 0.767578 0.329102 0.769531 0.329102 0.776855 0.318359 0.778809 0.317383 0.780273 0.319336 0.782227 0.316406 0.782715 0.317383 0.782715 0.323242 0.781738 0.327148 0.774902 0.337891 0.768066 0.342773 0.768066 0.344727 0.767090 0.346680 0.761719 0.351562 0.759766 0.347656 0.756836 0.331055 0.755859 0.331055 0.752441 0.336914 0.748047 0.340820 0.739258 0.356445 0.738770 0.359375 0.737793 0.360352 0.734375 0.371094 0.732422 0.378906 0.731934 0.402344 0.737305 0.401367 0.737793 0.400391 0.749023 0.399414 0.761719 0.391602 0.764648 0.386719 0.769043 0.372070 0.775391 0.362305 0.780273 0.358398 0.784180 0.349609 0.794434 0.344727 0.802734 0.332031 0.805664 0.329102 0.807617 0.329102 0.810059 0.327148 0.812988 0.315430 0.814941 0.311523 0.816406 0.311523 0.818848 0.306641 0.820801 0.299805 0.824707 0.291992 0.826172 0.287109 0.831055 0.285156 0.833984 0.279297 0.836914 0.279297 0.837891 0.277344 0.838867 0.270508 0.841797 0.264648
11 0.344238 0.312500 0.342285 0.297852 0.336914 0.277344 0.331055 0.274414 0.325195 0.266602 0.307617 0.262695 0.303711 0.258789 0.308594 0.248047 0.309082 0.238281 0.301758 0.223633 0.291992 0.213867 0.278809 0.215820 0.275879 0.212891 0.267578 0.213867 0.257812 0.224609 0.242188 0.228516 0.235840 0.225586 0.233887 0.230469 0.227539 0.236328 0.207520 0.234375 0.204102 0.237305 0.201172 0.243164 0.192871 0.245117 0.192871 0.253906 0.194824 0.259766 0.194336 0.264648 0.192871 0.267578 0.188477 0.269531 0.185059 0.276367 0.177246 0.285156 0.175293 0.303711 0.171387 0.312500 0.164062 0.321289 0.159180 0.333008 0.157227 0.343750 0.156738 0.360352 0.160645 0.373047 0.169922 0.383789 0.173340 0.383789 0.182617 0.400391 0.197754 0.411133 0.204102 0.424805 0.210449 0.430664 0.212402 0.428711 0.216797 0.431641 0.220703 0.429688 0.225098 0.418945 0.230469 0.414062 0.231934 0.405273 0.233887 0.402344 0.242676 0.402344 0.248047 0.398438 0.250488 0.404297 0.249512 0.410156 0.250000 0.426758 0.253418 0.436523 0.258789 0.440430 0.270020 0.436523 0.279297 0.437500 0.282715 0.448242 0.287598 0.450195 0.291504 0.446289 0.293945 0.436523 0.289062 0.419922 0.296387 0.411133 0.309082 0.404297 0.313965 0.399414 0.321777 0.387695 0.324219 0.380859 0.326172 0.368164 0.335449 0.358398 0.338379 0.345703 0.338379 0.333008 0.342285 0.329102 0.344238 0.322266
12 0.062988 0.000000 0.071289 0.018555 0.108887 0.057617 0.140625 0.122070 0.153809 0.138672 0.173828 0.189453 0.185547 0.198242 0.193359 0.218750 0.189941 0.226562 0.195312 0.240234 0.233887 0.222656 0.260742 0.219727 0.272461 0.209961 0.291016 0.211914 0.305664 0.223633 0.313965 0.257812 0.341797 0.278320 0.346680 0.308594 0.342285 0.356445 0.330078 0.371094 0.329590 0.414062 0.352539 0.433594 0.377441 0.415039 0.402832 0.420898 0.437500 0.490234 0.438965 0.539062 0.464844 0.544922 0.471680 0.565430 0.481934 0.572266 0.491699 0.560547 0.494629 0.530273 0.506348 0.502930 0.476074 0.474609 0.469727 0.478516 0.467285 0.466797 0.471680 0.449219 0.481934 0.440430 0.483887 0.404297 0.523438 0.359375 0.552246 0.351562 0.579102 0.379883 0.615234 0.402344 0.625000 0.419922 0.627441 0.436523 0.634277 0.439453 0.642578 0.393555 0.675293 0.318359 0.736328 0.226562 0.921875 0.072266 0.964355 0.030273 0.996094 0.009766 0.990234 0.000000 0.481934 0.004883 0.439453 0.000000 0.436035 0.005859 0.429688 0.000000
13 0.186523 0.948242 0.186035 0.949219 0.185547 0.949219 0.185059 0.950195 0.184570 0.950195 0.184082 0.951172 0.183105 0.951172 0.182617 0.952148 0.181152 0.952148 0.180664 0.953125 0.177246 0.953125 0.176758 0.954102 0.174316 0.954102 0.173828 0.955078 0.172363 0.955078 0.171875 0.956055 0.171387 0.956055 0.170898 0.957031 0.170410 0.957031 0.169434 0.958984 0.169434 0.959961 0.168457 0.961914 0.168457 0.962891 0.167969 0.963867 0.167480 0.963867 0.167480 0.964844 0.166992 0.965820 0.166504 0.965820 0.166016 0.966797 0.165039 0.966797 0.164551 0.967773 0.163086 0.967773 0.162598 0.968750 0.162109 0.968750 0.160156 0.972656 0.159180 0.972656 0.158691 0.973633 0.157227 0.973633 0.156738 0.974609 0.156250 0.974609 0.155762 0.975586 0.154785 0.975586 0.154297 0.976562 0.153809 0.976562 0.153320 0.977539 0.152832 0.977539 0.152344 0.978516 0.151367 0.978516 0.150879 0.979492 0.146484 0.979492 0.145508 0.981445 0.145508 0.982422 0.144531 0.984375 0.144043 0.984375 0.143066 0.986328 0.143066 0.987305 0.140137 0.993164 0.140137 0.995117 0.139648 0.996094 0.139648 0.999023 0.163086 0.999023 0.163086 0.994141 0.162598 0.993164 0.162598 0.988281 0.163086 0.987305 0.163574 0.987305 0.165039 0.984375 0.165527 0.984375 0.166504 0.982422 0.166992 0.982422 0.167480 0.981445 0.167969 0.981445 0.168945 0.979492 0.169434 0.979492 0.169922 0.978516 0.170410 0.979492 0.170898 0.979492 0.172363 0.982422 0.172852 0.982422 0.173828 0.984375 0.174316 0.983398 0.174805 0.983398 0.175293 0.982422 0.175781 0.982422 0.176270 0.981445 0.176758 0.981445 0.177734 0.979492 0.178223 0.979492 0.179688 0.976562 0.180176 0.976562 0.181152 0.974609 0.181641 0.974609 0.182617 0.972656 0.184082 0.972656 0.184082 0.971680 0.184570 0.970703 0.184570 0.969727 0.185059 0.968750 0.185059 0.966797 0.185547 0.965820 0.185547 0.963867 0.186035 0.962891 0.186035 0.961914 0.186523 0.960938 0.186523 0.958984 0.187012 0.958008 0.187012 0.954102 0.186523 0.953125
13 0.047363 0.808594 0.046875 0.807617 0.046387 0.807617 0.044922 0.804688 0.044434 0.804688 0.042969 0.801758 0.041992 0.801758 0.040527 0.799805 0.039551 0.799805 0.039062 0.798828 0.038086 0.798828 0.037598 0.797852 0.036133 0.797852 0.035645 0.796875 0.034180 0.796875 0.033691 0.795898 0.032227 0.794922 0.029297 0.789062 0.028809 0.789062 0.027344 0.786133 0.026855 0.786133 0.024902 0.782227 0.004883 0.782227 0.004395 0.783203 0.001465 0.783203 0.000977 0.784180 0.000000 0.784180 0.000000 0.880859 0.000488 0.880859 0.000977 0.879883 0.001953 0.879883 0.002441 0.878906 0.003906 0.878906 0.004395 0.877930 0.005371 0.877930 0.005859 0.876953 0.006836 0.876953 0.007324 0.875977 0.008301 0.875977 0.008789 0.875000 0.009277 0.875000 0.011230 0.871094 0.012207 0.871094 0.015625 0.864258 0.015625 0.863281 0.016602 0.860352 0.017090 0.860352 0.018066 0.858398 0.019531 0.857422 0.019531 0.855469 0.019043 0.855469 0.018555 0.854492 0.018555 0.851562 0.018066 0.850586 0.018066 0.849609 0.019043 0.847656 0.020508 0.847656 0.022949 0.842773 0.022949 0.841797 0.024414 0.838867 0.024414 0.837891 0.025879 0.834961 0.025879 0.833984 0.026855 0.832031 0.027344 0.832031 0.028320 0.829102 0.028809 0.829102 0.029297 0.828125 0.029297 0.827148 0.030762 0.824219 0.030762 0.823242 0.032227 0.820312 0.032227 0.819336 0.032715 0.818359 0.033203 0.818359 0.034668 0.816406 0.036133 0.816406 0.037598 0.814453 0.038574 0.814453 0.039062 0.813477 0.040039 0.813477 0.041504 0.811523 0.043945 0.811523 0.044434 0.810547 0.045410 0.810547 0.045898 0.809570
13 0.117188 0.746094 0.116211 0.744141 0.115723 0.744141 0.115234 0.743164 0.114746 0.743164 0.114258 0.744141 0.113770 0.744141 0.113281 0.745117 0.112305 0.745117 0.111816 0.746094 0.111328 0.746094 0.110840 0.747070 0.110352 0.747070 0.109863 0.748047 0.109375 0.748047 0.108887 0.749023 0.108398 0.749023 0.107910 0.750000 0.107422 0.750000 0.106934 0.750977 0.106445 0.750977 0.105957 0.751953 0.104492 0.751953 0.104004 0.752930 0.103516 0.752930 0.103027 0.753906 0.102539 0.753906 0.102051 0.754883 0.101562 0.754883 0.101074 0.755859 0.100586 0.755859 0.100098 0.756836 0.099609 0.756836 0.099121 0.757812 0.098633 0.757812 0.098145 0.758789 0.095703 0.758789 0.095215 0.759766 0.094727 0.759766 0.094238 0.760742 0.093750 0.760742 0.093262 0.761719 0.092773 0.761719 0.092285 0.762695 0.091797 0.762695 0.091309 0.763672 0.090820 0.763672 0.090332 0.764648 0.089355 0.764648 0.088867 0.765625 0.088379 0.765625 0.087891 0.766602 0.087402 0.766602 0.086914 0.767578 0.086426 0.767578 0.082031 0.776367 0.081055 0.776367 0.079590 0.779297 0.079102 0.779297 0.078613 0.780273 0.077637 0.780273 0.077148 0.781250 0.076660 0.781250 0.074707 0.785156 0.073730 0.785156 0.072266 0.788086 0.074707 0.788086 0.075195 0.789062 0.076660 0.789062 0.077637 0.787109 0.078125 0.787109 0.079590 0.784180 0.080078 0.785156 0.080566 0.785156 0.081543 0.787109 0.082031 0.787109 0.082520 0.788086 0.083008 0.788086 0.083496 0.789062 0.085938 0.789062 0.086426 0.790039 0.091309 0.790039 0.091797 0.791016 0.093750 0.791016 0.094238 0.790039 0.094238 0.789062 0.095215 0.787109 0.095215 0.786133 0.095703 0.785156 0.095703 0.784180 0.097168 0.781250 0.097656 0.781250 0.099609 0.777344 0.100098 0.777344 0.101074 0.775391 0.101562 0.775391 0.103516 0.771484 0.104004 0.771484 0.104492 0.770508 0.106445 0.770508 0.106934 0.769531 0.107422 0.769531 0.108398 0.767578 0.108398 0.766602 0.109863 0.763672 0.110352 0.763672 0.110840 0.762695 0.111328 0.762695 0.112305 0.760742 0.113281 0.760742 0.114258 0.758789 0.114746 0.758789 0.115234 0.757812 0.116211 0.757812 0.116211 0.755859 0.116699 0.754883 0.116699 0.750000 0.117188 0.749023
13 0.270996 0.710938 0.270508 0.709961 0.270020 0.709961 0.269531 0.708984 0.268555 0.708984 0.268066 0.708008 0.267578 0.708008 0.267090 0.707031 0.266602 0.708008 0.266113 0.708008 0.265625 0.708984 0.265137 0.708984 0.264648 0.709961 0.264160 0.709961 0.263672 0.710938 0.263184 0.710938 0.262695 0.711914 0.262207 0.711914 0.261719 0.712891 0.260742 0.712891 0.260254 0.713867 0.253418 0.713867 0.252930 0.714844 0.251465 0.714844 0.250977 0.715820 0.250000 0.715820 0.249512 0.716797 0.248047 0.716797 0.247559 0.717773 0.245605 0.717773 0.245117 0.718750 0.237793 0.718750 0.237793 0.719727 0.238281 0.719727 0.238770 0.720703 0.238770 0.721680 0.239258 0.722656 0.239258 0.723633 0.239746 0.724609 0.239746 0.726562 0.240234 0.727539 0.240234 0.728516 0.240723 0.729492 0.240723 0.731445 0.241211 0.732422 0.241211 0.733398 0.241699 0.734375 0.241699 0.735352 0.244141 0.740234 0.248535 0.740234 0.249023 0.741211 0.250977 0.741211 0.251465 0.742188 0.252441 0.742188 0.252930 0.743164 0.253906 0.743164 0.254883 0.745117 0.255371 0.745117 0.255859 0.746094 0.259766 0.746094 0.258301 0.743164 0.258301 0.742188 0.257812 0.741211 0.257324 0.741211 0.256836 0.740234 0.256836 0.739258 0.257324 0.738281 0.257812 0.738281 0.258301 0.737305 0.258789 0.737305 0.259277 0.736328 0.259766 0.736328 0.260742 0.734375 0.260742 0.733398 0.261230 0.732422 0.261719 0.732422 0.262695 0.730469 0.262695 0.729492 0.263184 0.728516 0.263672 0.728516 0.264160 0.729492 0.264648 0.729492 0.265137 0.730469 0.265625 0.730469 0.266113 0.731445 0.266602 0.731445 0.267090 0.732422 0.267090 0.728516 0.267578 0.727539 0.267578 0.723633 0.268066 0.722656 0.268066 0.721680 0.268555 0.720703 0.268555 0.719727 0.269043 0.718750 0.269531 0.718750 0.269531 0.716797 0.270020 0.715820 0.270020 0.714844 0.270508 0.713867 0.270508 0.712891 0.270996 0.711914
13 0.540527 0.665039 0.532715 0.672852 0.530273 0.682617 0.532227 0.690430 0.531738 0.697266 0.530273 0.701172 0.522949 0.705078 0.520020 0.709961 0.506836 0.720703 0.492676 0.722656 0.485840 0.718750 0.484863 0.725586 0.486816 0.732422 0.487793 0.766602 0.484863 0.781250 0.479980 0.788086 0.479980 0.807617 0.483398 0.806641 0.487305 0.813477 0.487305 0.828125 0.484375 0.836914 0.479492 0.840820 0.479492 0.860352 0.477539 0.867188 0.465820 0.887695 0.465820 0.908203 0.463867 0.919922 0.457031 0.930664 0.456055 0.930664 0.447754 0.954102 0.442383 0.961914 0.441895 0.972656 0.443848 0.999023 0.486328 0.999023 0.486816 0.985352 0.488281 0.982422 0.490234 0.972656 0.490723 0.951172 0.493652 0.928711 0.495117 0.921875 0.497559 0.917969 0.500977 0.906250 0.500000 0.897461 0.493652 0.882812 0.492676 0.875000 0.494141 0.860352 0.493652 0.840820 0.494629 0.829102 0.499023 0.816406 0.507812 0.809570 0.510254 0.804688 0.512695 0.786133 0.516113 0.774414 0.519531 0.767578 0.520996 0.756836 0.523926 0.752930 0.528320 0.751953 0.530273 0.748047 0.531250 0.739258 0.526367 0.725586 0.526367 0.717773 0.527344 0.716797 0.529297 0.708984 0.533691 0.704102 0.533691 0.690430 0.537109 0.684570 0.540039 0.683594 0.543945 0.678711 0.543945 0.670898 0.542480 0.669922
13 0.017578 0.653320 0.017090 0.653320 0.016602 0.654297 0.016113 0.654297 0.015625 0.655273 0.015137 0.655273 0.014648 0.656250 0.014160 0.656250 0.013672 0.657227 0.013184 0.657227 0.012695 0.658203 0.012207 0.658203 0.011719 0.659180 0.010742 0.659180 0.010254 0.660156 0.009766 0.660156 0.009277 0.661133 0.008789 0.661133 0.008301 0.662109 0.007812 0.662109 0.007324 0.663086 0.005371 0.663086 0.004883 0.664062 0.001953 0.664062 0.001465 0.665039 0.000000 0.665039 0.000000 0.697266 0.000977 0.697266 0.001465 0.696289 0.003906 0.696289 0.004395 0.695312 0.005859 0.695312 0.006348 0.694336 0.008301 0.694336 0.008789 0.693359 0.010742 0.693359 0.011230 0.692383 0.013672 0.692383 0.014160 0.691406 0.015625 0.691406 0.016113 0.690430 0.018066 0.690430 0.018555 0.689453 0.020020 0.689453 0.020020 0.661133 0.019531 0.660156 0.019531 0.659180 0.019043 0.659180 0.018555 0.658203 0.018555 0.657227 0.018066 0.656250 0.018066 0.655273 0.017578 0.654297
13 0.206055 0.642578 0.205566 0.642578 0.205078 0.641602 0.204590 0.641602 0.202148 0.646484 0.201660 0.646484 0.201172 0.647461 0.200684 0.647461 0.200195 0.648438 0.199707 0.648438 0.199219 0.649414 0.198242 0.649414 0.197754 0.650391 0.197266 0.650391 0.196777 0.651367 0.194824 0.651367 0.194336 0.652344 0.193848 0.652344 0.193359 0.653320 0.192871 0.653320 0.192383 0.654297 0.191895 0.654297 0.191406 0.655273 0.190430 0.655273 0.189941 0.656250 0.189941 0.657227 0.189453 0.658203 0.189453 0.659180 0.188965 0.660156 0.188965 0.661133 0.188477 0.662109 0.188477 0.663086 0.188965 0.664062 0.188965 0.665039 0.189453 0.666016 0.189453 0.666992 0.190430 0.666992 0.190918 0.667969 0.192871 0.667969 0.193359 0.668945 0.197266 0.668945 0.197754 0.669922 0.199707 0.669922 0.200195 0.670898 0.203613 0.670898 0.204102 0.669922 0.206055 0.669922
13 0.136719 0.615234 0.136230 0.615234 0.135742 0.614258 0.135254 0.614258 0.134766 0.613281 0.133789 0.613281 0.133301 0.614258 0.132812 0.614258 0.132324 0.615234 0.131836 0.615234 0.131348 0.616211 0.129883 0.616211 0.129395 0.617188 0.128418 0.617188 0.127930 0.618164 0.127441 0.618164 0.126953 0.619141 0.126465 0.619141 0.125977 0.620117 0.125977 0.621094 0.124512 0.624023 0.124512 0.625000 0.123535 0.626953 0.123535 0.627930 0.122559 0.629883 0.122559 0.630859 0.121094 0.633789 0.120605 0.633789 0.120117 0.634766 0.120117 0.635742 0.120605 0.636719 0.120605 0.637695 0.122070 0.637695 0.122559 0.638672 0.124023 0.638672 0.124512 0.639648 0.125977 0.639648 0.126465 0.640625 0.127930 0.640625 0.128418 0.641602 0.132812 0.641602 0.133301 0.640625 0.135742 0.640625 0.136230 0.639648 0.136719 0.639648 0.136719 0.638672 0.137207 0.637695 0.137207 0.626953 0.136719 0.625977
13 0.599609 0.503906 0.599609 0.505859 0.599121 0.506836 0.599121 0.510742 0.598633 0.511719 0.598633 0.516602 0.598145 0.517578 0.598145 0.522461 0.597656 0.523438 0.597168 0.523438 0.597168 0.527344 0.596680 0.528320 0.596680 0.531250 0.597168 0.532227 0.597168 0.533203 0.597656 0.533203 0.598145 0.534180 0.599121 0.534180 0.599609 0.535156 0.601074 0.535156 0.601562 0.534180 0.602051 0.534180 0.602539 0.533203 0.603027 0.533203 0.603516 0.532227 0.604004 0.532227 0.604492 0.531250 0.605469 0.531250 0.605469 0.530273 0.605957 0.529297 0.605957 0.527344 0.606445 0.526367 0.606445 0.525391 0.606934 0.524414 0.606934 0.523438 0.605469 0.520508 0.605469 0.519531 0.604980 0.519531 0.602051 0.513672 0.602051 0.512695 0.600586 0.509766 0.600586 0.504883 0.600098 0.503906
13 0.601562 0.496094 0.601562 0.497070 0.602051 0.498047 0.602051 0.499023 0.602539 0.500000 0.602539 0.500977 0.603516 0.502930 0.604004 0.502930 0.604980 0.504883 0.606934 0.504883 0.607422 0.505859 0.610840 0.505859 0.611328 0.506836 0.613281 0.506836 0.613770 0.507812 0.614746 0.507812 0.615234 0.508789 0.615723 0.507812 0.616699 0.507812 0.617676 0.505859 0.617676 0.502930 0.616699 0.502930 0.616211 0.501953 0.614746 0.501953 0.614258 0.500977 0.611816 0.500977 0.611328 0.500000 0.610352 0.500000 0.609863 0.499023 0.609863 0.498047 0.608398 0.495117 0.608398 0.494141 0.607422 0.492188 0.603027 0.492188 0.602051 0.494141 0.602051 0.495117
13 0.000000 0.456055 0.000000 0.516602 0.000977 0.516602 0.001465 0.517578 0.003906 0.517578 0.004395 0.518555 0.006348 0.518555 0.006836 0.519531 0.015625 0.519531 0.016113 0.520508 0.023926 0.520508 0.024414 0.519531 0.025391 0.519531 0.025879 0.518555 0.027344 0.518555 0.027832 0.517578 0.028809 0.517578 0.029297 0.516602 0.030273 0.516602 0.030762 0.515625 0.031250 0.515625 0.032715 0.512695 0.032715 0.511719 0.033691 0.509766 0.033203 0.508789 0.031738 0.508789 0.031250 0.507812 0.030762 0.507812 0.030273 0.506836 0.029785 0.506836 0.029297 0.505859 0.028809 0.505859 0.028320 0.504883 0.027832 0.504883 0.027344 0.503906 0.026367 0.503906 0.025879 0.502930 0.025391 0.502930 0.024902 0.501953 0.024414 0.501953 0.023926 0.500977 0.023438 0.500977 0.021973 0.498047 0.021484 0.498047 0.020020 0.495117 0.019043 0.495117 0.018066 0.493164 0.017578 0.493164 0.016602 0.491211 0.015625 0.491211 0.014648 0.489258 0.014160 0.489258 0.012695 0.486328 0.012207 0.486328 0.011719 0.485352 0.011230 0.485352 0.010254 0.483398 0.009766 0.483398 0.009277 0.482422 0.009277 0.480469 0.008789 0.479492 0.008789 0.474609 0.008301 0.473633 0.008301 0.470703 0.007812 0.469727 0.007812 0.467773 0.003906 0.459961 0.003418 0.459961 0.001465 0.456055
13 0.666016 0.415039 0.663574 0.419922 0.663086 0.419922 0.661133 0.423828 0.661133 0.424805 0.660156 0.426758 0.659668 0.426758 0.659668 0.427734 0.658691 0.429688 0.658691 0.430664 0.657715 0.432617 0.657715 0.433594 0.656738 0.435547 0.656738 0.436523 0.656250 0.437500 0.655762 0.437500 0.655762 0.438477 0.654785 0.440430 0.654785 0.441406 0.653809 0.443359 0.653809 0.444336 0.652832 0.446289 0.652832 0.447266 0.652344 0.448242 0.651855 0.448242 0.651367 0.449219 0.651367 0.450195 0.650391 0.452148 0.650391 0.453125 0.649902 0.454102 0.649902 0.459961 0.650391 0.460938 0.650391 0.467773 0.652344 0.467773 0.652832 0.466797 0.654297 0.466797 0.655273 0.468750 0.658203 0.468750 0.658691 0.467773 0.659180 0.467773 0.659668 0.466797 0.660156 0.466797 0.660645 0.465820 0.661133 0.465820 0.662598 0.462891 0.663086 0.462891 0.664062 0.460938 0.664551 0.460938 0.665039 0.459961 0.665039 0.458008 0.665527 0.457031 0.665527 0.454102 0.666016 0.453125 0.666016 0.449219 0.666504 0.448242 0.666504 0.445312 0.666992 0.444336 0.666992 0.443359 0.667480 0.442383 0.667969 0.442383 0.667969 0.440430 0.668457 0.439453 0.668457 0.437500 0.670410 0.433594 0.670898 0.433594 0.670410 0.432617 0.670410 0.431641 0.669922 0.430664 0.669922 0.429688 0.669434 0.428711 0.669434 0.427734 0.668457 0.425781 0.668457 0.424805 0.667969 0.423828 0.667969 0.422852 0.667480 0.422852 0.666992 0.421875 0.666992 0.420898 0.666504 0.419922 0.666504 0.418945 0.666016 0.417969
13 0.249023 0.405273 0.248535 0.404297 0.248535 0.403320 0.248047 0.402344 0.246582 0.402344 0.246094 0.403320 0.242188 0.403320 0.241699 0.404297 0.237305 0.404297 0.236816 0.403320 0.233887 0.403320 0.233398 0.404297 0.232910 0.404297 0.232422 0.405273 0.232422 0.406250 0.231934 0.407227 0.231934 0.409180 0.231445 0.410156 0.231445 0.412109 0.230957 0.413086 0.230957 0.414062 0.230469 0.415039 0.229492 0.415039 0.228516 0.416992 0.228027 0.416992 0.227539 0.417969 0.227051 0.417969 0.226074 0.419922 0.225098 0.419922 0.225098 0.420898 0.224609 0.421875 0.224609 0.422852 0.224121 0.423828 0.224121 0.425781 0.223633 0.426758 0.223633 0.428711 0.223145 0.429688 0.223145 0.430664 0.222656 0.431641 0.222168 0.431641 0.221680 0.432617 0.220703 0.432617 0.220215 0.433594 0.218262 0.433594 0.217773 0.432617 0.216797 0.432617 0.216309 0.431641 0.215332 0.431641 0.214844 0.430664 0.213379 0.430664 0.212891 0.429688 0.212402 0.429688 0.211426 0.431641 0.210938 0.431641 0.209961 0.433594 0.210938 0.435547 0.211426 0.435547 0.211914 0.436523 0.212402 0.436523 0.213867 0.439453 0.214844 0.439453 0.216797 0.443359 0.217285 0.443359 0.219727 0.448242 0.220215 0.448242 0.222168 0.452148 0.222656 0.452148 0.223145 0.453125 0.223633 0.453125 0.224121 0.454102 0.225098 0.454102 0.225586 0.455078 0.226562 0.455078 0.227051 0.456055 0.228516 0.456055 0.229004 0.455078 0.230469 0.455078 0.231934 0.452148 0.231934 0.451172 0.232910 0.449219 0.232910 0.448242 0.234375 0.445312 0.234863 0.445312 0.236328 0.442383 0.236816 0.442383 0.237793 0.440430 0.238281 0.440430 0.238770 0.439453 0.239258 0.439453 0.240234 0.437500 0.240723 0.437500 0.241211 0.436523 0.244629 0.436523 0.245117 0.435547 0.247070 0.435547 0.247559 0.434570 0.249023 0.434570 0.249512 0.433594 0.250000 0.433594 0.250000 0.431641 0.249512 0.430664 0.249512 0.426758 0.249023 0.425781 0.249023 0.421875 0.248535 0.420898 0.248535 0.413086 0.249023 0.412109
13 0.170410 0.277344 0.169922 0.276367 0.164062 0.276367 0.163574 0.275391 0.162109 0.275391 0.161621 0.276367 0.161133 0.276367 0.161133 0.277344 0.160156 0.279297 0.159668 0.279297 0.158203 0.283203 0.157715 0.283203 0.156250 0.285156 0.155273 0.285156 0.154785 0.286133 0.153809 0.286133 0.152344 0.288086 0.151367 0.288086 0.150879 0.289062 0.150391 0.289062 0.146973 0.294922 0.145996 0.294922 0.145020 0.296875 0.144043 0.296875 0.142578 0.299805 0.142090 0.299805 0.140625 0.302734 0.140137 0.302734 0.136719 0.308594 0.135742 0.308594 0.134766 0.310547 0.134277 0.310547 0.132812 0.312500 0.131348 0.312500 0.130859 0.313477 0.130371 0.313477 0.128906 0.315430 0.127930 0.315430 0.127441 0.316406 0.120605 0.316406 0.120117 0.317383 0.118652 0.318359 0.116211 0.324219 0.116211 0.325195 0.114746 0.328125 0.114746 0.329102 0.114258 0.330078 0.112793 0.331055 0.112793 0.332031 0.111816 0.334961 0.111816 0.336914 0.111328 0.337891 0.111328 0.339844 0.110840 0.340820 0.110840 0.347656 0.110352 0.348633 0.110352 0.355469 0.107910 0.364258 0.107910 0.365234 0.108398 0.366211 0.108398 0.369141 0.108887 0.370117 0.108887 0.372070 0.109375 0.372070 0.109863 0.373047 0.110840 0.373047 0.112305 0.375000 0.113770 0.375000 0.114258 0.375977 0.115234 0.375977 0.115723 0.376953 0.118164 0.378906 0.120605 0.382812 0.122070 0.382812 0.123535 0.384766 0.126465 0.384766 0.127930 0.382812 0.129395 0.382812 0.129883 0.381836 0.130371 0.381836 0.131348 0.379883 0.132812 0.378906 0.135254 0.375000 0.135742 0.375000 0.136230 0.374023 0.137207 0.374023 0.137695 0.373047 0.140625 0.373047 0.141113 0.374023 0.146973 0.374023 0.147461 0.375000 0.149902 0.375000 0.151367 0.373047 0.152344 0.373047 0.152832 0.372070 0.154297 0.371094 0.154785 0.370117 0.154785 0.367188 0.155273 0.366211 0.155273 0.361328 0.155762 0.360352 0.155762 0.354492 0.156250 0.353516 0.156250 0.348633 0.156738 0.347656 0.156738 0.341797 0.157227 0.340820 0.157227 0.334961 0.157715 0.333984 0.157715 0.329102 0.158203 0.328125 0.158203 0.325195 0.159668 0.322266 0.160156 0.322266 0.165039 0.311523 0.169922 0.307617 0.172852 0.300781 0.172852 0.287109 0.172363 0.286133
14 0.777344 0.196289 0.728027 0.242188 0.721680 0.254883 0.637207 0.470703 0.619141 0.510742 0.592285 0.608398 0.588379 0.634766 0.585938 0.694336 0.598633 0.885742 0.604492 0.999023 0.611328 0.999023 0.595703 0.811523 0.590820 0.698242 0.592285 0.617188 0.620117 0.513672 0.640137 0.471680 0.684082 0.365234 0.726562 0.249023 0.756348 0.222656
16 0.370605 0.923828 0.370605 0.924805 0.370117 0.925781 0.370117 0.936523 0.371094 0.936523 0.373047 0.940430 0.373047 0.941406 0.375977 0.947266 0.376465 0.947266 0.376953 0.948242 0.377441 0.948242 0.377930 0.949219 0.378906 0.949219 0.379395 0.950195 0.384277 0.950195 0.384766 0.949219 0.385254 0.949219 0.386230 0.947266 0.387207 0.947266 0.388672 0.944336 0.389160 0.944336 0.389648 0.943359 0.389648 0.941406 0.390137 0.940430 0.390137 0.938477 0.389648 0.937500 0.389160 0.937500 0.386719 0.932617 0.386230 0.932617 0.383789 0.927734 0.383301 0.927734 0.379395 0.919922 0.378418 0.919922 0.377441 0.917969 0.376953 0.917969 0.376465 0.918945 0.375488 0.918945 0.375000 0.919922 0.372559 0.919922 0.372070 0.920898 0.372070 0.921875 0.371094 0.923828
16 0.583984 0.672852 0.577148 0.673828 0.567871 0.690430 0.567383 0.697266 0.562500 0.711914 0.562500 0.718750 0.564453 0.724609 0.562500 0.732422 0.550781 0.754883 0.546387 0.759766 0.544434 0.770508 0.541016 0.776367 0.534180 0.797852 0.531738 0.825195 0.527832 0.844727 0.525879 0.849609 0.525391 0.859375 0.523926 0.865234 0.523438 0.861328 0.524902 0.843750 0.527832 0.835938 0.527832 0.830078 0.529785 0.826172 0.531738 0.812500 0.531250 0.801758 0.530273 0.798828 0.524902 0.794922 0.520996 0.795898 0.517578 0.799805 0.513672 0.809570 0.502930 0.813477 0.497070 0.822266 0.494629 0.834961 0.494629 0.865234 0.493652 0.875000 0.495605 0.884766 0.500488 0.893555 0.505371 0.895508 0.513184 0.875000 0.521484 0.865234 0.522461 0.866211 0.514648 0.878906 0.513672 0.886719 0.501953 0.911133 0.495605 0.931641 0.492188 0.953125 0.491699 0.999023 0.602539 0.999023 0.602539 0.979492 0.598633 0.935547 0.597656 0.913086 0.596680 0.912109 0.592773 0.830078 0.589844 0.809570 0.589844 0.787109 0.588379 0.784180 0.587402 0.743164 0.584961 0.715820
16 0.083496 0.648438 0.082031 0.645508 0.081543 0.645508 0.080078 0.642578 0.080078 0.641602 0.077637 0.636719 0.077148 0.636719 0.076660 0.635742 0.076172 0.635742 0.074707 0.633789 0.072754 0.633789 0.072266 0.632812 0.071777 0.632812 0.071289 0.631836 0.070801 0.631836 0.070312 0.630859 0.069824 0.630859 0.069336 0.629883 0.068848 0.629883 0.068359 0.628906 0.067871 0.628906 0.066406 0.626953 0.065430 0.626953 0.064941 0.625977 0.061035 0.625977 0.060547 0.626953 0.053711 0.626953 0.053223 0.627930 0.049316 0.627930 0.048828 0.628906 0.048340 0.628906 0.046875 0.631836 0.046387 0.631836 0.045410 0.633789 0.044434 0.633789 0.043945 0.634766 0.041992 0.634766 0.041504 0.635742 0.038086 0.635742 0.037598 0.636719 0.033691 0.636719 0.033203 0.637695 0.030762 0.637695 0.029297 0.639648 0.028320 0.639648 0.027832 0.640625 0.026855 0.640625 0.026367 0.641602 0.025879 0.641602 0.025391 0.642578 0.024902 0.645508 0.023926 0.647461 0.023438 0.650391 0.022949 0.651367 0.022461 0.651367 0.022461 0.652344 0.021484 0.655273 0.021484 0.666016 0.022461 0.668945 0.022461 0.669922 0.021973 0.670898 0.021973 0.674805 0.021484 0.675781 0.021484 0.677734 0.021973 0.678711 0.021973 0.679688 0.022949 0.681641 0.022949 0.682617 0.023926 0.684570 0.023926 0.685547 0.024414 0.686523 0.025391 0.686523 0.026855 0.688477 0.028320 0.688477 0.028809 0.689453 0.030273 0.689453 0.030762 0.690430 0.032227 0.690430 0.032715 0.691406 0.034180 0.691406 0.034668 0.692383 0.037598 0.692383 0.038086 0.691406 0.040527 0.691406 0.041992 0.689453 0.043457 0.689453 0.043945 0.688477 0.044434 0.688477 0.044922 0.687500 0.045898 0.687500 0.046387 0.686523 0.048340 0.686523 0.049805 0.684570 0.050781 0.684570 0.051270 0.683594 0.052246 0.683594 0.053711 0.681641 0.054688 0.681641 0.055176 0.680664 0.056641 0.679688 0.058105 0.676758 0.058594 0.676758 0.060547 0.672852 0.061035 0.672852 0.062988 0.668945 0.063477 0.668945 0.065430 0.665039 0.066406 0.665039 0.066895 0.664062 0.067383 0.664062 0.067871 0.663086 0.068359 0.663086 0.068848 0.662109 0.070312 0.661133 0.071289 0.659180 0.071777 0.659180 0.073242 0.657227 0.074219 0.657227 0.074707 0.656250 0.075195 0.656250 0.075684 0.655273 0.077148 0.654297 0.078125 0.652344 0.078613 0.652344 0.080078 0.650391 0.082031 0.650391
16 0.208984 0.641602 0.208984 0.642578 0.208496 0.643555 0.208496 0.646484 0.208008 0.647461 0.208008 0.667969 0.208984 0.669922 0.208984 0.670898 0.209473 0.670898 0.213867 0.675781 0.214844 0.675781 0.215332 0.676758 0.220703 0.681641 0.221191 0.682617 0.221191 0.683594 0.223633 0.687500 0.223633 0.688477 0.224121 0.689453 0.224121 0.691406 0.224609 0.692383 0.224609 0.695312 0.225098 0.696289 0.225098 0.698242 0.225586 0.699219 0.225586 0.700195 0.227539 0.704102 0.228027 0.704102 0.229492 0.706055 0.230469 0.706055 0.237305 0.713867 0.238281 0.713867 0.239746 0.715820 0.243652 0.715820 0.244141 0.716797 0.247559 0.716797 0.248047 0.715820 0.249512 0.715820 0.250000 0.714844 0.250977 0.714844 0.251465 0.713867 0.252930 0.713867 0.253418 0.712891 0.255371 0.712891 0.255859 0.711914 0.256836 0.711914 0.257324 0.710938 0.258301 0.710938 0.258789 0.709961 0.259766 0.709961 0.260254 0.708984 0.261719 0.708984 0.262207 0.708008 0.264648 0.707031 0.266602 0.704102 0.267090 0.704102 0.268066 0.702148 0.268555 0.699219 0.269043 0.698242 0.269531 0.698242 0.269531 0.696289 0.270020 0.695312 0.270020 0.694336 0.270508 0.693359 0.270508 0.691406 0.271484 0.688477 0.271484 0.686523 0.271973 0.685547 0.271973 0.682617 0.272461 0.681641 0.272461 0.678711 0.272949 0.677734 0.272949 0.661133 0.272461 0.660156 0.272461 0.658203 0.271973 0.657227 0.271484 0.652344 0.270508 0.650391 0.270508 0.648438 0.270020 0.647461 0.269531 0.642578 0.269043 0.642578 0.268555 0.641602 0.268555 0.639648 0.268066 0.638672 0.268066 0.637695 0.266602 0.634766 0.266602 0.633789 0.266113 0.633789 0.264160 0.629883 0.264160 0.628906 0.261719 0.624023 0.261719 0.623047 0.261230 0.623047 0.259766 0.620117 0.259766 0.619141 0.259277 0.618164 0.259277 0.616211 0.258301 0.614258 0.258301 0.613281 0.255371 0.608398 0.254395 0.608398 0.253906 0.607422 0.250977 0.607422 0.250488 0.606445 0.241211 0.606445 0.240723 0.605469 0.231934 0.605469 0.231445 0.606445 0.229492 0.606445 0.229004 0.607422 0.227539 0.607422 0.227051 0.608398 0.225586 0.608398 0.221680 0.614258 0.221680 0.615234 0.220703 0.617188 0.218750 0.625977 0.216797 0.629883 0.216309 0.629883 0.214844 0.632812 0.213379 0.633789
16 0.617188 0.516602 0.614258 0.516602 0.611328 0.519531 0.607910 0.527344 0.607910 0.528320 0.606445 0.531250 0.606445 0.532227 0.602539 0.539062 0.602051 0.539062 0.598633 0.545898 0.598145 0.550781 0.597168 0.551758 0.596680 0.556641 0.595703 0.560547 0.593262 0.566406 0.593262 0.567383 0.589844 0.574219 0.589355 0.574219 0.586426 0.580078 0.585938 0.580078 0.584473 0.583008 0.584473 0.583984 0.576660 0.598633 0.573730 0.601562 0.567383 0.612305 0.565918 0.613281 0.562012 0.621094 0.562012 0.622070 0.560059 0.625977 0.560059 0.626953 0.558594 0.629883 0.558105 0.629883 0.557617 0.632812 0.556641 0.633789 0.556152 0.636719 0.554199 0.641602 0.553711 0.644531 0.552734 0.646484 0.551758 0.650391 0.551758 0.653320 0.551270 0.654297 0.551270 0.659180 0.552246 0.662109 0.554199 0.662109 0.554688 0.661133 0.560547 0.661133 0.561035 0.662109 0.566406 0.663086 0.566895 0.664062 0.567871 0.664062 0.572266 0.671875 0.575195 0.671875 0.575684 0.670898 0.580566 0.670898 0.581055 0.669922 0.583984 0.669922 0.583984 0.666992 0.584473 0.666016 0.584473 0.657227 0.584961 0.656250 0.584961 0.649414 0.585449 0.648438 0.585449 0.639648 0.585938 0.638672 0.585938 0.633789 0.586914 0.629883 0.586914 0.626953 0.587402 0.625977 0.587891 0.619141 0.588867 0.615234 0.588867 0.612305 0.589844 0.611328 0.590820 0.607422 0.590820 0.605469 0.594727 0.589844 0.595703 0.587891 0.596191 0.584961 0.597168 0.583008 0.597656 0.583008 0.597656 0.582031 0.599121 0.579102 0.599121 0.578125 0.601074 0.573242 0.601562 0.570312 0.603516 0.565430 0.604004 0.562500 0.604980 0.560547 0.605469 0.560547 0.605469 0.558594 0.605957 0.557617 0.605957 0.554688 0.606445 0.553711 0.606445 0.551758 0.607422 0.547852 0.609863 0.542969 0.612305 0.532227 0.613281 0.531250 0.614258 0.527344 0.614258 0.522461
16 0.279297 0.494141 0.278320 0.494141 0.277832 0.495117 0.275879 0.495117 0.275391 0.496094 0.273438 0.496094 0.272949 0.497070 0.270996 0.497070 0.270508 0.498047 0.268555 0.498047 0.268066 0.499023 0.263672 0.499023 0.263184 0.498047 0.259277 0.498047 0.259277 0.499023 0.258789 0.500000 0.258789 0.501953 0.258301 0.502930 0.258301 0.504883 0.257812 0.505859 0.257812 0.507812 0.257324 0.508789 0.257324 0.509766 0.256836 0.510742 0.256836 0.512695 0.256348 0.513672 0.256348 0.515625 0.255859 0.516602 0.255859 0.518555 0.255371 0.519531 0.255371 0.525391 0.255859 0.526367 0.255859 0.529297 0.256836 0.531250 0.257324 0.531250 0.258789 0.534180 0.259766 0.534180 0.260254 0.535156 0.264160 0.535156 0.264648 0.534180 0.267578 0.534180 0.268066 0.533203 0.268555 0.533203 0.269043 0.532227 0.270020 0.532227 0.270508 0.531250 0.270996 0.531250 0.271484 0.530273 0.271973 0.530273 0.274414 0.525391 0.274902 0.525391 0.275879 0.523438 0.275879 0.522461 0.276855 0.520508 0.277344 0.520508 0.279297 0.516602 0.279297 0.514648 0.279785 0.513672 0.279785 0.508789 0.280273 0.507812 0.280273 0.503906 0.279785 0.502930 0.279785 0.498047 0.279297 0.497070
16 0.514160 0.485352 0.514160 0.486328 0.513672 0.487305 0.513672 0.489258 0.512695 0.491211 0.512695 0.493164 0.512207 0.494141 0.512207 0.497070 0.512695 0.498047 0.512695 0.501953 0.513184 0.502930 0.513184 0.506836 0.513672 0.507812 0.513672 0.508789 0.519531 0.508789 0.520020 0.509766 0.524902 0.509766 0.524902 0.508789 0.525879 0.506836 0.525879 0.504883 0.526367 0.503906 0.526367 0.501953 0.525879 0.500977 0.525879 0.499023 0.525391 0.498047 0.525391 0.495117 0.524902 0.494141 0.524902 0.492188 0.523926 0.490234 0.523438 0.490234 0.522461 0.488281 0.521973 0.488281 0.521484 0.487305 0.520996 0.487305 0.520020 0.485352 0.519043 0.485352 0.518555 0.484375 0.516602 0.484375 0.516113 0.485352
16 0.530762 0.364258 0.532227 0.373047 0.534668 0.375977 0.535645 0.375977 0.537109 0.377930 0.541504 0.378906 0.545410 0.382812 0.546875 0.382812 0.548340 0.384766 0.550781 0.384766 0.551270 0.385742 0.551758 0.384766 0.554199 0.384766 0.556641 0.386719 0.561035 0.387695 0.563477 0.390625 0.565430 0.394531 0.565918 0.399414 0.564453 0.401367 0.562988 0.405273 0.562500 0.414062 0.565430 0.423828 0.565918 0.431641 0.566895 0.432617 0.566895 0.434570 0.567871 0.436523 0.568848 0.436523 0.571289 0.440430 0.574219 0.442383 0.578613 0.447266 0.588867 0.447266 0.594727 0.443359 0.599121 0.448242 0.603027 0.446289 0.604492 0.450195 0.607422 0.455078 0.607422 0.457031 0.608398 0.459961 0.607910 0.462891 0.605957 0.467773 0.606934 0.472656 0.607910 0.474609 0.606445 0.483398 0.610840 0.499023 0.611816 0.500000 0.614258 0.500000 0.616699 0.501953 0.619629 0.501953 0.624023 0.498047 0.625000 0.496094 0.625488 0.493164 0.627441 0.489258 0.627930 0.486328 0.629395 0.484375 0.630859 0.476562 0.631348 0.466797 0.629883 0.458984 0.628418 0.457031 0.626465 0.452148 0.625000 0.438477 0.624023 0.434570 0.624023 0.431641 0.622559 0.422852 0.622559 0.419922 0.618652 0.414062 0.614258 0.405273 0.612793 0.404297 0.611328 0.401367 0.605957 0.401367 0.599609 0.407227 0.598145 0.402344 0.596191 0.399414 0.594727 0.394531 0.590820 0.391602 0.584961 0.383789 0.580078 0.383789 0.579590 0.384766 0.575684 0.384766 0.575195 0.383789 0.573730 0.383789 0.570801 0.378906 0.567871 0.366211 0.565918 0.366211 0.563477 0.363281 0.562012 0.363281 0.561523 0.362305 0.552246 0.363281 0.548340 0.359375 0.536621 0.358398
16 0.999512 0.016602 0.967773 0.034180 0.930176 0.071289 0.799805 0.176758 0.744141 0.246094 0.739746 0.244141 0.731934 0.251953 0.718262 0.279297 0.715332 0.295898 0.668945 0.413086 0.667480 0.421875 0.671387 0.433594 0.665527 0.459961 0.639648 0.484375 0.617188 0.527344 0.593262 0.626953 0.592285 0.675781 0.604980 0.915039 0.612305 0.986328 0.615234 0.994141 0.622070 0.999023 0.672363 0.999023 0.673340 0.995117 0.676758 0.999023 0.748535 0.999023 0.750977 0.993164 0.760254 0.999023 0.804688 0.994141 0.844238 0.995117 0.845215 0.999023 0.864746 0.999023 0.865723 0.995117 0.904785 0.999023 0.906738 0.994141 0.915039 0.999023 0.923828 0.995117 0.924805 0.999023 0.936035 0.995117 0.965332 0.999023 0.945312 0.948242 0.941406 0.920898 0.927246 0.905273 0.906738 0.897461 0.895996 0.884766 0.887695 0.830078 0.913574 0.815430 0.962402 0.817383 0.999512 0.829102
23 0.301270 0.860352 0.298340 0.860352 0.297852 0.859375 0.295410 0.859375 0.294922 0.860352 0.292480 0.860352 0.291992 0.861328 0.291016 0.861328 0.290039 0.863281 0.289551 0.863281 0.287598 0.867188 0.287598 0.868164 0.287109 0.869141 0.287109 0.870117 0.286621 0.871094 0.286621 0.872070 0.286133 0.873047 0.286133 0.875000 0.285645 0.875977 0.285645 0.878906 0.285156 0.879883 0.284668 0.879883 0.284668 0.882812 0.284180 0.883789 0.284180 0.886719 0.283691 0.887695 0.283691 0.888672 0.283203 0.889648 0.283203 0.890625 0.282715 0.891602 0.282715 0.893555 0.282227 0.894531 0.282227 0.895508 0.281738 0.896484 0.281738 0.898438 0.281250 0.899414 0.281250 0.900391 0.280273 0.902344 0.280273 0.906250 0.280762 0.907227 0.280762 0.913086 0.281250 0.914062 0.281250 0.918945 0.281738 0.919922 0.281738 0.921875 0.282227 0.921875 0.282715 0.922852 0.283203 0.922852 0.283691 0.923828 0.285156 0.923828 0.285645 0.924805 0.286133 0.924805 0.286621 0.925781 0.287109 0.925781 0.287598 0.926758 0.288574 0.926758 0.289062 0.927734 0.289551 0.927734 0.290039 0.928711 0.291016 0.928711 0.291504 0.929688 0.291992 0.929688 0.292480 0.930664 0.293457 0.930664 0.293945 0.931641 0.294434 0.931641 0.295410 0.929688 0.295898 0.929688 0.297363 0.926758 0.297852 0.926758 0.299805 0.922852 0.300781 0.922852 0.301758 0.920898 0.301758 0.919922 0.302246 0.918945 0.302246 0.916016 0.302734 0.915039 0.302734 0.911133 0.303223 0.910156 0.303223 0.907227 0.303711 0.906250 0.303711 0.904297 0.304199 0.903320 0.304199 0.902344 0.305664 0.899414 0.305664 0.898438 0.306641 0.896484 0.306641 0.895508 0.307617 0.893555 0.307617 0.892578 0.308105 0.891602 0.308594 0.891602 0.308594 0.890625 0.309570 0.888672 0.309570 0.887695 0.310059 0.886719 0.310059 0.884766 0.309570 0.883789 0.309570 0.881836 0.309082 0.880859 0.309082 0.877930 0.308594 0.876953 0.308594 0.875977 0.308105 0.875977 0.307617 0.875000 0.307617 0.874023 0.307129 0.873047 0.307129 0.872070 0.306641 0.871094 0.306641 0.870117 0.306152 0.869141 0.306152 0.868164 0.305664 0.867188 0.305664 0.866211 0.303711 0.862305 0.303223 0.862305 0.302734 0.861328 0.301758 0.861328
23 0.570801 0.670898 0.570312 0.669922 0.569824 0.669922 0.568359 0.666992 0.567871 0.666992 0.567383 0.666016 0.565918 0.666016 0.565430 0.665039 0.564453 0.665039 0.563965 0.664062 0.562988 0.664062 0.562500 0.663086 0.559082 0.663086 0.558594 0.662109 0.554688 0.662109 0.554199 0.663086 0.553223 0.663086 0.552734 0.664062 0.551758 0.664062 0.551270 0.665039 0.550293 0.665039 0.548828 0.667969 0.548828 0.668945 0.548340 0.669922 0.547852 0.669922 0.547852 0.670898 0.547363 0.671875 0.547363 0.674805 0.546875 0.675781 0.546875 0.678711 0.546387 0.679688 0.546387 0.681641 0.545898 0.682617 0.545410 0.682617 0.544922 0.683594 0.544434 0.683594 0.543945 0.684570 0.543457 0.684570 0.542969 0.685547 0.541992 0.685547 0.541504 0.686523 0.541016 0.686523 0.540527 0.687500 0.539062 0.687500 0.538574 0.688477 0.538086 0.688477 0.537598 0.689453 0.537109 0.689453 0.536621 0.690430 0.536621 0.691406 0.536133 0.692383 0.536133 0.695312 0.535645 0.696289 0.535645 0.702148 0.536133 0.703125 0.536133 0.705078 0.535156 0.707031 0.534180 0.707031 0.533691 0.708008 0.533203 0.708008 0.532715 0.708984 0.532227 0.708984 0.531738 0.709961 0.531250 0.709961 0.530762 0.710938 0.530273 0.710938 0.529297 0.712891 0.529297 0.713867 0.528320 0.715820 0.528320 0.719727 0.527832 0.720703 0.527832 0.725586 0.528320 0.726562 0.528320 0.727539 0.529297 0.729492 0.529785 0.729492 0.531250 0.732422 0.531738 0.732422 0.532715 0.734375 0.534668 0.730469 0.535156 0.730469 0.536621 0.727539 0.541504 0.727539 0.541992 0.726562 0.542969 0.726562 0.543457 0.725586 0.544434 0.725586 0.544922 0.724609 0.545410 0.724609 0.545898 0.723633 0.546387 0.723633 0.547852 0.720703 0.547852 0.719727 0.548340 0.718750 0.548340 0.717773 0.549316 0.715820 0.549316 0.714844 0.549805 0.713867 0.553223 0.713867 0.553711 0.712891 0.556641 0.712891 0.557129 0.711914 0.557617 0.711914 0.558105 0.710938 0.559082 0.710938 0.559570 0.709961 0.560059 0.709961 0.562988 0.704102 0.562988 0.703125 0.563477 0.702148 0.563477 0.700195 0.563965 0.699219 0.563965 0.698242 0.564453 0.697266 0.564453 0.695312 0.564941 0.694336 0.564941 0.692383 0.565430 0.691406 0.565430 0.690430 0.565918 0.689453 0.566406 0.689453 0.566406 0.688477 0.567383 0.686523 0.567871 0.686523 0.568848 0.684570 0.568848 0.683594 0.570801 0.679688
23 0.140625 0.593750 0.139160 0.590820 0.134277 0.590820 0.133789 0.591797 0.124023 0.591797 0.123535 0.592773 0.118164 0.592773 0.117676 0.593750 0.117188 0.593750 0.116699 0.594727 0.116211 0.594727 0.115723 0.595703 0.114746 0.595703 0.114258 0.596680 0.113770 0.596680 0.113281 0.597656 0.112305 0.597656 0.111816 0.598633 0.109863 0.598633 0.109375 0.599609 0.108887 0.599609 0.108398 0.600586 0.107422 0.600586 0.106934 0.601562 0.106445 0.601562 0.105957 0.602539 0.104980 0.602539 0.104492 0.603516 0.103516 0.603516 0.103027 0.604492 0.102539 0.604492 0.102051 0.605469 0.101562 0.605469 0.101074 0.606445 0.100586 0.606445 0.098145 0.611328 0.097168 0.611328 0.094238 0.617188 0.094238 0.618164 0.093750 0.619141 0.093750 0.620117 0.093262 0.621094 0.093262 0.622070 0.092773 0.623047 0.092773 0.624023 0.092285 0.625000 0.092285 0.625977 0.091797 0.626953 0.091797 0.627930 0.091309 0.628906 0.091309 0.629883 0.090820 0.630859 0.090820 0.636719 0.091309 0.637695 0.091309 0.642578 0.091797 0.643555 0.092285 0.643555 0.092773 0.644531 0.093262 0.644531 0.093750 0.645508 0.094238 0.645508 0.094727 0.646484 0.095215 0.646484 0.095703 0.647461 0.107422 0.647461 0.107910 0.646484 0.107910 0.645508 0.108887 0.643555 0.108887 0.642578 0.109863 0.640625 0.109863 0.639648 0.110352 0.638672 0.111328 0.638672 0.111816 0.637695 0.114746 0.637695 0.115234 0.636719 0.117676 0.636719 0.118164 0.635742 0.119141 0.635742 0.120605 0.632812 0.121094 0.632812 0.122070 0.630859 0.122070 0.629883 0.123047 0.627930 0.123047 0.626953 0.124023 0.625000 0.124023 0.624023 0.125488 0.621094 0.125488 0.620117 0.126465 0.618164 0.126953 0.618164 0.127441 0.617188 0.127930 0.617188 0.128418 0.616211 0.129395 0.616211 0.129883 0.615234 0.131348 0.615234 0.131836 0.614258 0.132324 0.614258 0.132812 0.613281 0.133301 0.613281 0.133789 0.612305 0.134766 0.612305 0.135254 0.613281 0.136230 0.611328 0.136719 0.611328 0.138672 0.607422 0.138672 0.606445 0.139648 0.604492 0.139648 0.603516 0.140137 0.602539 0.140137 0.601562 0.140625 0.600586
23 0.564941 0.394531 0.563477 0.391602 0.562988 0.391602 0.562012 0.389648 0.561035 0.389648 0.560547 0.388672 0.559082 0.388672 0.558594 0.387695 0.556641 0.387695 0.556152 0.386719 0.554688 0.386719 0.554199 0.385742 0.551758 0.385742 0.551270 0.386719 0.548340 0.386719 0.547852 0.387695 0.546387 0.387695 0.545898 0.388672 0.545898 0.389648 0.545410 0.390625 0.545410 0.391602 0.544922 0.392578 0.544922 0.393555 0.544434 0.394531 0.544434 0.395508 0.543945 0.396484 0.543945 0.397461 0.543457 0.398438 0.543457 0.399414 0.542969 0.400391 0.542480 0.400391 0.541992 0.401367 0.541992 0.402344 0.541504 0.403320 0.541504 0.404297 0.541016 0.405273 0.541016 0.406250 0.541504 0.407227 0.541504 0.409180 0.541992 0.410156 0.541992 0.412109 0.542480 0.413086 0.542480 0.415039 0.542969 0.415039 0.543457 0.416016 0.543457 0.417969 0.544922 0.420898 0.546387 0.420898 0.546875 0.419922 0.548340 0.419922 0.548828 0.418945 0.549316 0.418945 0.550293 0.416992 0.550781 0.416992 0.553711 0.411133 0.554199 0.411133 0.554688 0.410156 0.556152 0.410156 0.556641 0.409180 0.558594 0.409180 0.559082 0.408203 0.559570 0.408203 0.561035 0.405273 0.561035 0.404297 0.562500 0.401367 0.562988 0.401367 0.563477 0.400391 0.564941 0.400391 0.565430 0.399414 0.565430 0.397461 0.564941 0.396484