6 0.108887 0.555664 0.105469 0.544922 0.103516 0.543945 0.098145 0.535156 0.097168 0.535156 0.093262 0.529297 0.091309 0.522461 0.091797 0.507812 0.088379 0.496094 0.084961 0.491211 0.082520 0.489258 0.082520 0.496094 0.081543 0.497070 0.080078 0.501953 0.078125 0.500977 0.074219 0.497070 0.074219 0.488281 0.074707 0.487305 0.072266 0.487305 0.068359 0.479492 0.062012 0.473633 0.056152 0.471680 0.055176 0.469727 0.052246 0.467773 0.040527 0.466797 0.040039 0.467773 0.022461 0.468750 0.017090 0.472656 0.011230 0.474609 0.005859 0.480469 0.001465 0.488281 0.000000 0.488281 0.000000 0.639648 0.008789 0.641602 0.009277 0.642578 0.012695 0.642578 0.013184 0.643555 0.020508 0.643555 0.020020 0.640625 0.020508 0.636719 0.029785 0.635742 0.030273 0.636719 0.033203 0.636719 0.033691 0.637695 0.033203 0.642578 0.034180 0.642578 0.034668 0.641602 0.046387 0.637695 0.051270 0.634766 0.052734 0.632812 0.054199 0.632812 0.057617 0.628906 0.057129 0.617188 0.058105 0.615234 0.062988 0.612305 0.066406 0.612305 0.069824 0.610352 0.075684 0.609375 0.087891 0.601562 0.091797 0.597656 0.093262 0.597656 0.096191 0.593750 0.101074 0.589844 0.106934 0.578125 0.109375 0.570312 0.109863 0.561523
7 0.411133 0.971680 0.411133 0.972656 0.411621 0.973633 0.411621 0.975586 0.414062 0.975586 0.414551 0.974609 0.420410 0.974609 0.420898 0.973633 0.431641 0.973633 0.432129 0.974609 0.432617 0.974609 0.433105 0.975586 0.434082 0.975586 0.434570 0.976562 0.435059 0.976562 0.435547 0.977539 0.436035 0.977539 0.436523 0.978516 0.437012 0.978516 0.437500 0.979492 0.437988 0.979492 0.438965 0.981445 0.439453 0.981445 0.439941 0.982422 0.440430 0.982422 0.440918 0.983398 0.441406 0.983398 0.441895 0.984375 0.442383 0.984375 0.442871 0.985352 0.443359 0.985352 0.443848 0.986328 0.443848 0.980469 0.441406 0.975586 0.440918 0.975586 0.439941 0.973633 0.438965 0.973633 0.435547 0.966797 0.428223 0.966797 0.427734 0.967773 0.419434 0.967773 0.418945 0.968750 0.416504 0.968750 0.416016 0.969727 0.413574 0.969727 0.413086 0.970703 0.412109 0.970703 0.411621 0.971680
7 0.455078 0.000000 0.467285 0.477539 0.468262 0.599609 0.473145 0.797852 0.474121 0.999023 0.478027 0.999023 0.472656 0.610352 0.459473 0.011719 0.458984 0.000000
8 0.020508 0.637695 0.020508 0.640625 0.020996 0.641602 0.020996 0.643555 0.032715 0.643555 0.032715 0.641602 0.033203 0.640625 0.033203 0.637695 0.030273 0.637695 0.029785 0.636719 0.023438 0.636719 0.022949 0.637695
8 0.042480 0.569336 0.042480 0.570312 0.041992 0.571289 0.042480 0.572266 0.042969 0.572266 0.043945 0.574219 0.044434 0.574219 0.045898 0.577148 0.047852 0.573242 0.047852 0.571289 0.048340 0.570312 0.048340 0.568359 0.043457 0.568359 0.042969 0.569336
8 0.079590 0.549805 0.079590 0.552734 0.079102 0.553711 0.079102 0.557617 0.079590 0.557617 0.080078 0.558594 0.080566 0.558594 0.081055 0.559570 0.082520 0.559570 0.083008 0.560547 0.083496 0.560547 0.083984 0.561523 0.085938 0.561523 0.086426 0.562500 0.086914 0.562500 0.087402 0.561523 0.087402 0.556641 0.087891 0.555664 0.087891 0.552734 0.086914 0.552734 0.086426 0.551758 0.084473 0.551758 0.083984 0.550781 0.081055 0.550781 0.080566 0.549805
8 0.040039 0.545898 0.040039 0.548828 0.040527 0.549805 0.040527 0.554688 0.041016 0.555664 0.041016 0.557617 0.046387 0.557617 0.047852 0.554688 0.048340 0.554688 0.050293 0.550781 0.050781 0.550781 0.050781 0.549805 0.051270 0.548828 0.051270 0.547852 0.050781 0.546875 0.045410 0.546875 0.044922 0.545898
8 0.056641 0.519531 0.056152 0.518555 0.056152 0.517578 0.055176 0.515625 0.055176 0.514648 0.054688 0.513672 0.051758 0.513672 0.051270 0.514648 0.047852 0.514648 0.046387 0.517578 0.045898 0.517578 0.044434 0.520508 0.044922 0.520508 0.045410 0.521484 0.045898 0.521484 0.046387 0.522461 0.047363 0.522461 0.047852 0.523438 0.048828 0.523438 0.049316 0.524414 0.049805 0.524414 0.050293 0.525391 0.051270 0.525391 0.051758 0.524414 0.052246 0.524414 0.052734 0.523438 0.053223 0.523438 0.053711 0.522461 0.054199 0.522461 0.054688 0.521484 0.055176 0.521484 0.055664 0.520508 0.056152 0.520508
8 0.074707 0.488281 0.074707 0.497070 0.075195 0.497070 0.075684 0.498047 0.076660 0.498047 0.077148 0.499023 0.077637 0.499023 0.078125 0.500000 0.079102 0.500000 0.079590 0.500977 0.080078 0.500977 0.080566 0.500000 0.080566 0.499023 0.081055 0.498047 0.081055 0.497070 0.081543 0.496094 0.082031 0.496094 0.082031 0.487305 0.078613 0.487305 0.078125 0.488281
8 0.040039 0.433594 0.041016 0.433594 0.041504 0.434570 0.043457 0.434570 0.043945 0.435547 0.045410 0.435547 0.045898 0.436523 0.049805 0.436523 0.050293 0.435547 0.053223 0.435547 0.052734 0.434570 0.052734 0.433594 0.051758 0.431641 0.051758 0.430664 0.050781 0.428711 0.050781 0.427734 0.050293 0.427734 0.049805 0.426758 0.049805 0.425781 0.042480 0.425781 0.041992 0.426758 0.041992 0.427734 0.041016 0.429688 0.041016 0.430664 0.040527 0.431641 0.040527 0.432617
8 0.029297 0.426758 0.031738 0.426758 0.032227 0.427734 0.038086 0.427734 0.038086 0.426758 0.037598 0.425781 0.037598 0.424805 0.037109 0.423828 0.037109 0.422852 0.034180 0.422852 0.033691 0.421875 0.030762 0.421875 0.030273 0.422852 0.030273 0.423828 0.029785 0.424805 0.029785 0.425781
11 0.858398 0.998047 0.858398 0.999023 0.909180 0.999023 0.909180 0.996094 0.908691 0.995117 0.908203 0.995117 0.907715 0.994141 0.907227 0.994141 0.906250 0.992188 0.905762 0.992188 0.905273 0.991211 0.903809 0.991211 0.902832 0.989258 0.901855 0.989258 0.901367 0.988281 0.900879 0.988281 0.900391 0.987305 0.899902 0.987305 0.899414 0.986328 0.898926 0.986328 0.898438 0.985352 0.897461 0.985352 0.896973 0.984375 0.895996 0.984375 0.895508 0.983398 0.895020 0.983398 0.894531 0.982422 0.893066 0.982422 0.892578 0.981445 0.888184 0.981445 0.887695 0.980469 0.887207 0.980469 0.886719 0.979492 0.885742 0.979492 0.885254 0.978516 0.884766 0.978516 0.884277 0.977539 0.883789 0.977539 0.883301 0.976562 0.882324 0.976562 0.881836 0.975586 0.881348 0.975586 0.880859 0.974609 0.880371 0.974609 0.879883 0.973633 0.877930 0.973633 0.877441 0.972656 0.873535 0.972656 0.873047 0.973633 0.867676 0.973633 0.867188 0.974609 0.866699 0.974609 0.866211 0.975586 0.865723 0.975586 0.865234 0.976562 0.864746 0.976562 0.864258 0.977539 0.863770 0.977539 0.863281 0.978516 0.862305 0.978516 0.861816 0.979492 0.861328 0.979492 0.861328 0.980469 0.860840 0.981445 0.860840 0.984375 0.860352 0.985352 0.860352 0.987305 0.859863 0.988281 0.859863 0.990234 0.859375 0.991211 0.859375 0.993164 0.858887 0.994141 0.858887 0.997070
11 0.144531 0.925781 0.144043 0.925781 0.142578 0.922852 0.134277 0.922852 0.133789 0.923828 0.133301 0.923828 0.132812 0.924805 0.131348 0.925781 0.130371 0.927734 0.129883 0.927734 0.129395 0.928711 0.128418 0.928711 0.127930 0.929688 0.126465 0.930664 0.124512 0.934570 0.124023 0.934570 0.122559 0.937500 0.122070 0.937500 0.121582 0.938477 0.120605 0.938477 0.119141 0.941406 0.118652 0.941406 0.117188 0.943359 0.116211 0.943359 0.115723 0.944336 0.114746 0.944336 0.113281 0.946289 0.112305 0.946289 0.109863 0.951172 0.109375 0.951172 0.107422 0.955078 0.106934 0.955078 0.106934 0.956055 0.106445 0.957031 0.105957 0.959961 0.105469 0.960938 0.104980 0.960938 0.104980 0.961914 0.104492 0.962891 0.104492 0.963867 0.104004 0.964844 0.104004 0.965820 0.103516 0.966797 0.103516 0.967773 0.103027 0.968750 0.102539 0.971680 0.097656 0.981445 0.097168 0.981445 0.095215 0.985352 0.094727 0.985352 0.091797 0.991211 0.091309 0.991211 0.089844 0.994141 0.089355 0.994141 0.088379 0.996094 0.088379 0.999023 0.131348 0.999023 0.131348 0.995117 0.133789 0.990234 0.134277 0.990234 0.136230 0.986328 0.136719 0.986328 0.139160 0.981445 0.139160 0.978516 0.139648 0.977539 0.139648 0.972656 0.140137 0.971680 0.140137 0.964844 0.140625 0.963867 0.140625 0.959961 0.141113 0.958984 0.141113 0.956055 0.142090 0.953125 0.142090 0.950195 0.142578 0.949219 0.143066 0.946289 0.144043 0.944336 0.144531 0.944336 0.144531 0.943359 0.145508 0.940430 0.145508 0.937500 0.145020 0.936523 0.145020 0.929688 0.144531 0.928711
11 0.450684 0.996094 0.444336 0.982422 0.443848 0.987305 0.431641 0.974609 0.411621 0.976562 0.410645 0.971680 0.413574 0.968750 0.419434 0.966797 0.434082 0.965820 0.428711 0.958008 0.416992 0.960938 0.413086 0.959961 0.412109 0.954102 0.411133 0.927734 0.408691 0.919922 0.405762 0.901367 0.398926 0.889648 0.391113 0.888672 0.374023 0.901367 0.362305 0.912109 0.349609 0.940430 0.345703 0.958984 0.340332 0.966797 0.337402 0.967773 0.334961 0.962891 0.330566 0.959961 0.326172 0.950195 0.324707 0.949219 0.320312 0.950195 0.319336 0.955078 0.315918 0.957031 0.313965 0.961914 0.310547 0.962891 0.308594 0.957031 0.301758 0.948242 0.299805 0.943359 0.299316 0.950195 0.290527 0.955078 0.287109 0.958984 0.283203 0.955078 0.278809 0.956055 0.270996 0.970703 0.268066 0.978516 0.254395 0.990234 0.250977 0.991211 0.246582 0.996094 0.246582 0.999023 0.450684 0.999023
11 0.711914 0.897461 0.712402 0.906250 0.714355 0.909180 0.715332 0.909180 0.721680 0.918945 0.723145 0.918945 0.726562 0.931641 0.733398 0.944336 0.732910 0.955078 0.729492 0.960938 0.732910 0.969727 0.732910 0.981445 0.731445 0.983398 0.730469 0.981445 0.730469 0.979492 0.729492 0.978516 0.729004 0.973633 0.721680 0.981445 0.723145 0.982422 0.728027 0.990234 0.730957 0.992188 0.733398 0.996094 0.733398 0.999023 0.772949 0.999023 0.772461 0.994141 0.770508 0.991211 0.769043 0.991211 0.767578 0.989258 0.768555 0.981445 0.772949 0.976562 0.779297 0.976562 0.782715 0.981445 0.785645 0.979492 0.795410 0.979492 0.798340 0.976562 0.800293 0.983398 0.801270 0.984375 0.805176 0.999023 0.813965 0.999023 0.812012 0.993164 0.810059 0.991211 0.808105 0.991211 0.805664 0.988281 0.801758 0.969727 0.802246 0.967773 0.811035 0.972656 0.816406 0.973633 0.823242 0.981445 0.828125 0.985352 0.829102 0.987305 0.829102 0.990234 0.831055 0.973633 0.829102 0.964844 0.826172 0.956055 0.823242 0.951172 0.819824 0.941406 0.818359 0.939453 0.813965 0.938477 0.812012 0.936523 0.804199 0.923828 0.795410 0.919922 0.791504 0.919922 0.782715 0.907227 0.774414 0.901367 0.756836 0.901367 0.740234 0.885742 0.737305 0.885742 0.735840 0.882812 0.735352 0.877930 0.730469 0.875977 0.720703 0.877930
11 0.695801 0.870117 0.696289 0.871094 0.696289 0.872070 0.697754 0.875000 0.697754 0.875977 0.698730 0.877930 0.700684 0.877930 0.701172 0.878906 0.704102 0.878906 0.704590 0.879883 0.708496 0.879883 0.708984 0.880859 0.711914 0.880859 0.712402 0.881836 0.713867 0.881836 0.714355 0.880859 0.714844 0.880859 0.715820 0.878906 0.716309 0.878906 0.718262 0.875000 0.718750 0.875000 0.719238 0.874023 0.720703 0.874023 0.721191 0.873047 0.722656 0.873047 0.723145 0.872070 0.724609 0.872070 0.725098 0.871094 0.725586 0.871094 0.725586 0.869141 0.725098 0.868164 0.725098 0.866211 0.724609 0.865234 0.724609 0.864258 0.724121 0.863281 0.723633 0.863281 0.723145 0.862305 0.722168 0.862305 0.721680 0.861328 0.721191 0.861328 0.720703 0.860352 0.720215 0.860352 0.719727 0.859375 0.719238 0.859375 0.717285 0.855469 0.717285 0.854492 0.715332 0.850586 0.712891 0.850586 0.712402 0.849609 0.708984 0.849609 0.708496 0.848633 0.704590 0.848633 0.704102 0.849609 0.702148 0.849609 0.701660 0.850586 0.701660 0.851562 0.701172 0.852539 0.701172 0.853516 0.700684 0.854492 0.700684 0.855469 0.700195 0.856445 0.700195 0.857422 0.699707 0.858398 0.699707 0.859375 0.699219 0.860352 0.698730 0.860352 0.698242 0.861328 0.698242 0.862305 0.697754 0.863281 0.697754 0.864258 0.696777 0.866211 0.696777 0.867188 0.696289 0.868164 0.696289 0.869141
11 0.477051 0.829102 0.477539 0.960938 0.478027 0.920898 0.479004 0.917969 0.483398 0.916016 0.486816 0.919922 0.490234 0.917969 0.491699 0.918945 0.500977 0.933594 0.505859 0.936523 0.510254 0.941406 0.515625 0.959961 0.513184 0.968750 0.516602 0.980469 0.516113 0.999023 0.537598 0.999023 0.539551 0.980469 0.541992 0.972656 0.547363 0.967773 0.561035 0.965820 0.563477 0.970703 0.560547 0.964844 0.556152 0.962891 0.552246 0.954102 0.551758 0.947266 0.548340 0.941406 0.542480 0.937500 0.538574 0.929688 0.535645 0.926758 0.538574 0.919922 0.531738 0.924805 0.525391 0.937500 0.522949 0.937500 0.521973 0.940430 0.520996 0.939453 0.521484 0.934570 0.529297 0.920898 0.527344 0.910156 0.525879 0.907227 0.526367 0.901367 0.531250 0.895508 0.538574 0.892578 0.545898 0.885742 0.552734 0.875000 0.558594 0.873047 0.560547 0.866211 0.565430 0.857422 0.563965 0.848633 0.560059 0.848633 0.555664 0.841797 0.554199 0.841797 0.546387 0.848633 0.534668 0.850586 0.531738 0.852539 0.529297 0.856445 0.525391 0.856445 0.520508 0.841797 0.514648 0.835938 0.508301 0.835938 0.500488 0.830078 0.489746 0.831055 0.483887 0.827148 0.478027 0.827148
11 0.442383 0.803711 0.441406 0.805664 0.440430 0.805664 0.436523 0.812500 0.435059 0.812500 0.431641 0.815430 0.425781 0.827148 0.422852 0.831055 0.418457 0.847656 0.416992 0.848633 0.414062 0.860352 0.411621 0.866211 0.409180 0.869141 0.404297 0.881836 0.406250 0.885742 0.406738 0.888672 0.416016 0.884766 0.418457 0.884766 0.418945 0.883789 0.419922 0.883789 0.421875 0.887695 0.424316 0.888672 0.428223 0.884766 0.435059 0.883789 0.436035 0.886719 0.436523 0.891602 0.440430 0.898438 0.443359 0.899414 0.447266 0.894531 0.450684 0.894531 0.452148 0.900391 0.451660 0.913086 0.450684 0.915039 0.447266 0.917969 0.443359 0.916016 0.440918 0.918945 0.441895 0.920898 0.442383 0.926758 0.444336 0.932617 0.443848 0.938477 0.443359 0.939453 0.438965 0.939453 0.436523 0.934570 0.435059 0.929688 0.432129 0.932617 0.430176 0.946289 0.430176 0.952148 0.431152 0.957031 0.433594 0.958984 0.438965 0.968750 0.441406 0.970703 0.444336 0.977539 0.448242 0.984375 0.449219 0.984375 0.453613 0.994141 0.453125 0.993164 0.453125 0.987305 0.454590 0.979492 0.453125 0.970703 0.450684 0.965820 0.450195 0.958984 0.451172 0.956055 0.454590 0.957031 0.454590 0.950195 0.451172 0.951172 0.450684 0.950195 0.450684 0.945312 0.453125 0.942383 0.452637 0.932617 0.455078 0.924805 0.455566 0.920898 0.455078 0.913086 0.462402 0.904297 0.468750 0.904297 0.470215 0.902344 0.471191 0.907227 0.471191 0.913086 0.471191 0.863281 0.470703 0.862305 0.470703 0.855469 0.470215 0.851562 0.466309 0.855469 0.463867 0.850586 0.465820 0.847656 0.470215 0.847656 0.469727 0.832031 0.468262 0.829102 0.464355 0.828125 0.458496 0.815430 0.456055 0.814453 0.454590 0.812500 0.452637 0.812500 0.449219 0.805664 0.445312 0.803711
11 0.729004 0.811523 0.729004 0.814453 0.729492 0.815430 0.729492 0.823242 0.729980 0.825195 0.730957 0.826172 0.731934 0.830078 0.736328 0.833008 0.737793 0.836914 0.737793 0.837891 0.738281 0.837891 0.739258 0.839844 0.740234 0.843750 0.741211 0.842773 0.745605 0.847656 0.747559 0.847656 0.756348 0.856445 0.756836 0.856445 0.760254 0.850586 0.762207 0.850586 0.762695 0.849609 0.765137 0.849609 0.765625 0.848633 0.768066 0.848633 0.768555 0.847656 0.774902 0.847656 0.775391 0.846680 0.778320 0.846680 0.778809 0.845703 0.785156 0.844727 0.785645 0.843750 0.788086 0.843750 0.788574 0.842773 0.791016 0.842773 0.791504 0.843750 0.795898 0.844727 0.796387 0.845703 0.797852 0.845703 0.798340 0.846680 0.799805 0.846680 0.800293 0.847656 0.804199 0.847656 0.804688 0.846680 0.807129 0.846680 0.807617 0.847656 0.810059 0.847656 0.812012 0.849609 0.819336 0.849609 0.825195 0.843750 0.824707 0.841797 0.823242 0.839844 0.823242 0.838867 0.820801 0.833008 0.819336 0.827148 0.818848 0.823242 0.817383 0.820312 0.817383 0.819336 0.814941 0.815430 0.815918 0.813477 0.816406 0.813477 0.815430 0.813477 0.813965 0.816406 0.801758 0.816406 0.801270 0.817383 0.796875 0.818359 0.796387 0.819336 0.794922 0.819336 0.794434 0.820312 0.791992 0.820312 0.791504 0.821289 0.789551 0.821289 0.789062 0.822266 0.787598 0.822266 0.787109 0.823242 0.784668 0.823242 0.784180 0.824219 0.782715 0.824219 0.782227 0.825195 0.773926 0.825195 0.769531 0.816406 0.769531 0.815430 0.769043 0.815430 0.767578 0.812500 0.766602 0.811523 0.763184 0.811523 0.762695 0.810547 0.758789 0.810547 0.754395 0.801758 0.752930 0.801758 0.752441 0.800781 0.750977 0.800781 0.750488 0.799805 0.748535 0.799805 0.748047 0.798828 0.745605 0.797852 0.744141 0.794922 0.734375 0.794922 0.731934 0.799805 0.731445 0.801758 0.731445 0.805664 0.730957 0.806641 0.730957 0.809570 0.729980 0.810547 0.729492 0.812500
11 0.674805 0.820312 0.675293 0.827148 0.675781 0.827148 0.676270 0.829102 0.677246 0.829102 0.682617 0.837891 0.683594 0.837891 0.686523 0.842773 0.694824 0.842773 0.695312 0.843750 0.711914 0.843750 0.712402 0.844727 0.720703 0.844727 0.725586 0.835938 0.725586 0.832031 0.725098 0.831055 0.725098 0.829102 0.726562 0.824219 0.726562 0.811523 0.726074 0.810547 0.725586 0.803711 0.724121 0.797852 0.723145 0.795898 0.723145 0.794922 0.722168 0.794922 0.721191 0.793945 0.717773 0.788086 0.716797 0.788086 0.716309 0.787109 0.714355 0.787109 0.713867 0.786133 0.711914 0.786133 0.711426 0.785156 0.709473 0.785156 0.708984 0.784180 0.707520 0.784180 0.707031 0.783203 0.704102 0.783203 0.703613 0.782227 0.692383 0.782227 0.691895 0.783203 0.690918 0.783203 0.689941 0.784180 0.690918 0.783203 0.692871 0.783203 0.693359 0.782227 0.696777 0.782227 0.697266 0.783203 0.702148 0.783203 0.702637 0.784180 0.705078 0.784180 0.708984 0.788086 0.709961 0.790039 0.711914 0.791992 0.713867 0.795898 0.714355 0.798828 0.715332 0.799805 0.716309 0.804688 0.718750 0.808594 0.715332 0.815430 0.714355 0.815430 0.709961 0.820312 0.707520 0.820312 0.707031 0.821289 0.702637 0.821289 0.702148 0.820312 0.699707 0.820312 0.699219 0.819336 0.697266 0.819336 0.694824 0.815430 0.694336 0.815430 0.692871 0.812500 0.691895 0.812500 0.689941 0.810547 0.688477 0.806641 0.688477 0.804688 0.687012 0.798828 0.687012 0.793945 0.687500 0.792969 0.687500 0.788086 0.688965 0.785156 0.687988 0.786133 0.686035 0.791016 0.684082 0.792969 0.682617 0.792969 0.681152 0.794922 0.680176 0.794922 0.680176 0.795898 0.678711 0.798828 0.678711 0.799805 0.677246 0.803711 0.677246 0.805664 0.676758 0.806641 0.676758 0.810547 0.676270 0.811523 0.676270 0.814453 0.675293 0.815430 0.675293 0.819336
11 0.588867 0.755859 0.588867 0.757812 0.588379 0.758789 0.588379 0.764648 0.587891 0.765625 0.587891 0.771484 0.587402 0.772461 0.587402 0.777344 0.586914 0.778320 0.586914 0.781250 0.589355 0.786133 0.589844 0.786133 0.590820 0.788086 0.592773 0.788086 0.593262 0.789062 0.595703 0.789062 0.596191 0.788086 0.598145 0.788086 0.598633 0.787109 0.599121 0.787109 0.599121 0.784180 0.599609 0.783203 0.599609 0.779297 0.599121 0.778320 0.599121 0.777344 0.598633 0.776367 0.598633 0.775391 0.598145 0.774414 0.598145 0.773438 0.597656 0.772461 0.597656 0.770508 0.597168 0.770508 0.596680 0.769531 0.596680 0.768555 0.596191 0.767578 0.596191 0.765625 0.595703 0.764648 0.595703 0.763672 0.595215 0.762695 0.595215 0.761719 0.591797 0.754883 0.590820 0.754883 0.590332 0.755859
11 0.445801 0.750977 0.445801 0.754883 0.446289 0.755859 0.446289 0.757812 0.447266 0.757812 0.448242 0.759766 0.449219 0.759766 0.450684 0.762695 0.451172 0.762695 0.451660 0.763672 0.453613 0.763672 0.454102 0.764648 0.458984 0.764648 0.459473 0.765625 0.461914 0.765625 0.462402 0.764648 0.462891 0.764648 0.463379 0.763672 0.463867 0.763672 0.464355 0.762695 0.465332 0.762695 0.465820 0.761719 0.466309 0.761719 0.466797 0.760742 0.467285 0.760742 0.467773 0.759766 0.468262 0.759766 0.468750 0.758789 0.468750 0.752930 0.469238 0.751953 0.469238 0.745117 0.467773 0.742188 0.467285 0.742188 0.466797 0.741211 0.466309 0.741211 0.464844 0.738281 0.463867 0.738281 0.462891 0.736328 0.459473 0.736328 0.458984 0.735352 0.454102 0.735352 0.453613 0.736328 0.452637 0.736328 0.452148 0.737305 0.451660 0.737305 0.449707 0.741211 0.448730 0.741211 0.448730 0.742188 0.446777 0.746094 0.446777 0.747070 0.446289 0.748047 0.446289 0.750000
11 0.160645 0.817383 0.162109 0.812500 0.166016 0.809570 0.171875 0.813477 0.183105 0.816406 0.190430 0.813477 0.184570 0.809570 0.183594 0.803711 0.182617 0.802734 0.180664 0.788086 0.183594 0.783203 0.184570 0.778320 0.189941 0.770508 0.209961 0.769531 0.216797 0.775391 0.218750 0.779297 0.219727 0.785156 0.219238 0.802734 0.214844 0.810547 0.210938 0.812500 0.213379 0.815430 0.214355 0.821289 0.212891 0.828125 0.212402 0.837891 0.214355 0.833984 0.222656 0.833984 0.226074 0.840820 0.228027 0.835938 0.230469 0.836914 0.232422 0.843750 0.237793 0.839844 0.243164 0.841797 0.243652 0.844727 0.241699 0.857422 0.243652 0.860352 0.252441 0.861328 0.262207 0.854492 0.265625 0.857422 0.264648 0.867188 0.266113 0.867188 0.271484 0.851562 0.277344 0.849609 0.287109 0.864258 0.293457 0.864258 0.305664 0.849609 0.310059 0.846680 0.317871 0.824219 0.316406 0.810547 0.310059 0.794922 0.310059 0.787109 0.313965 0.773438 0.314453 0.767578 0.313477 0.775391 0.306152 0.788086 0.298340 0.791016 0.296387 0.788086 0.294922 0.780273 0.292969 0.776367 0.284668 0.768555 0.280762 0.761719 0.281250 0.749023 0.279785 0.762695 0.274902 0.771484 0.267090 0.769531 0.259277 0.758789 0.233887 0.757812 0.232422 0.759766 0.232422 0.752930 0.247559 0.735352 0.251953 0.719727 0.249023 0.708984 0.244629 0.704102 0.224609 0.705078 0.213867 0.711914 0.208984 0.719727 0.202148 0.719727 0.193359 0.725586 0.191895 0.734375 0.190918 0.735352 0.190430 0.757812 0.188965 0.763672 0.186035 0.768555 0.181152 0.771484 0.175293 0.778320 0.172852 0.783203 0.168457 0.800781 0.163086 0.808594
12 0.459473 0.000000 0.473633 0.662109 0.502441 0.627930 0.513184 0.623047 0.518066 0.613281 0.545410 0.606445 0.548340 0.600586 0.574707 0.589844 0.579590 0.581055 0.639648 0.596680 0.645996 0.628906 0.662109 0.622070 0.677246 0.630859 0.681152 0.609375 0.693359 0.607422 0.705566 0.614258 0.717773 0.607422 0.711914 0.598633 0.688965 0.596680 0.683594 0.585938 0.670898 0.580078 0.673340 0.573242 0.684570 0.565430 0.747559 0.562500 0.751953 0.569336 0.782715 0.579102 0.818848 0.583008 0.835449 0.594727 0.857422 0.595703 0.875977 0.605469 0.916992 0.613281 0.939453 0.632812 0.953125 0.635742 0.966797 0.659180 0.999512 0.666016 0.999512 0.000000
12 0.000000 0.000000 0.000000 0.480469 0.016602 0.467773 0.041992 0.462891 0.060059 0.468750 0.087891 0.489258 0.093750 0.502930 0.095703 0.531250 0.104492 0.543945 0.095703 0.538086 0.094238 0.555664 0.087891 0.573242 0.091309 0.584961 0.105469 0.577148 0.108398 0.569336 0.108398 0.552734 0.110352 0.565430 0.106934 0.579102 0.110840 0.574219 0.124512 0.586914 0.123047 0.594727 0.110840 0.602539 0.110352 0.635742 0.152832 0.632812 0.159180 0.621094 0.234375 0.601562 0.248535 0.602539 0.251953 0.608398 0.263672 0.606445 0.267090 0.619141 0.282227 0.613281 0.298340 0.615234 0.312012 0.602539 0.341797 0.594727 0.388184 0.609375 0.415527 0.632812 0.428711 0.632812 0.435547 0.625000 0.444336 0.626953 0.451172 0.613281 0.454590 0.640625 0.458496 0.637695 0.466797 0.668945 0.469238 0.666992 0.467773 0.579102 0.437012 0.580078 0.416016 0.567383 0.405762 0.552734 0.407715 0.542969 0.416992 0.536133 0.467285 0.534180 0.454590 0.000000
13 0.802246 0.968750 0.802246 0.969727 0.802734 0.970703 0.802734 0.971680 0.803223 0.972656 0.803223 0.973633 0.803711 0.974609 0.803711 0.976562 0.804199 0.977539 0.804199 0.978516 0.804688 0.979492 0.804688 0.981445 0.805176 0.982422 0.805176 0.984375 0.805664 0.985352 0.805664 0.986328 0.806152 0.987305 0.806152 0.988281 0.806641 0.988281 0.807129 0.989258 0.807617 0.989258 0.808105 0.990234 0.810059 0.990234 0.810547 0.991211 0.811035 0.991211 0.811523 0.992188 0.812012 0.992188 0.812500 0.993164 0.812500 0.994141 0.814453 0.998047 0.814453 0.999023 0.825195 0.999023 0.825684 0.998047 0.826172 0.998047 0.827637 0.995117 0.828125 0.995117 0.828613 0.994141 0.828613 0.987305 0.828125 0.986328 0.827637 0.986328 0.827148 0.985352 0.826660 0.985352 0.826172 0.984375 0.825684 0.984375 0.825195 0.983398 0.824707 0.983398 0.824219 0.982422 0.823242 0.982422 0.822266 0.980469 0.821777 0.980469 0.821289 0.979492 0.820801 0.979492 0.820312 0.978516 0.819824 0.978516 0.819336 0.977539 0.818848 0.977539 0.818359 0.976562 0.817871 0.976562 0.817383 0.975586 0.816895 0.975586 0.816406 0.974609 0.814453 0.974609 0.813965 0.973633 0.811035 0.973633 0.810547 0.972656 0.809082 0.972656 0.808594 0.971680 0.807129 0.971680 0.806641 0.970703 0.805176 0.970703 0.804688 0.969727 0.803223 0.969727 0.802734 0.968750
13 0.479004 0.918945 0.479004 0.919922 0.478516 0.920898 0.478516 0.923828 0.478027 0.924805 0.478027 0.979492 0.478516 0.980469 0.478516 0.987305 0.479004 0.988281 0.479004 0.994141 0.479492 0.995117 0.479492 0.999023 0.515625 0.999023 0.515625 0.991211 0.516113 0.990234 0.516113 0.980469 0.515625 0.979492 0.515625 0.978516 0.515137 0.977539 0.515137 0.976562 0.514648 0.975586 0.514648 0.974609 0.513672 0.972656 0.513672 0.971680 0.512695 0.968750 0.513184 0.967773 0.513184 0.966797 0.514160 0.964844 0.514160 0.963867 0.514648 0.962891 0.514648 0.961914 0.515137 0.960938 0.515137 0.959961 0.514648 0.958984 0.514648 0.958008 0.514160 0.957031 0.514160 0.956055 0.513184 0.954102 0.513184 0.953125 0.512695 0.952148 0.512695 0.951172 0.512207 0.950195 0.512207 0.949219 0.511719 0.948242 0.511719 0.947266 0.511230 0.947266 0.510742 0.946289 0.510742 0.945312 0.510254 0.944336 0.510254 0.943359 0.509766 0.942383 0.509766 0.941406 0.509277 0.941406 0.508789 0.940430 0.508301 0.940430 0.507812 0.939453 0.507324 0.939453 0.505859 0.937500 0.504395 0.937500 0.503906 0.936523 0.502930 0.936523 0.502441 0.935547 0.501953 0.935547 0.501465 0.934570 0.500977 0.934570 0.500000 0.932617 0.499512 0.932617 0.497559 0.928711 0.497070 0.928711 0.496094 0.926758 0.495605 0.926758 0.494141 0.923828 0.493652 0.923828 0.491699 0.919922 0.490723 0.919922 0.490234 0.918945 0.489746 0.919922 0.487793 0.919922 0.487305 0.920898 0.486816 0.920898 0.486328 0.919922 0.485352 0.919922 0.484375 0.917969 0.483887 0.917969 0.483398 0.916992 0.482910 0.916992 0.482422 0.917969 0.480957 0.917969 0.480469 0.918945
13 0.470215 0.903320 0.468750 0.905273 0.462402 0.905273 0.461914 0.906250 0.461426 0.906250 0.460938 0.907227 0.460449 0.907227 0.459473 0.909180 0.458984 0.909180 0.458008 0.911133 0.457520 0.911133 0.457031 0.912109 0.456055 0.912109 0.455566 0.913086 0.455566 0.916992 0.456055 0.917969 0.456055 0.920898 0.455566 0.921875 0.455566 0.924805 0.455078 0.925781 0.455078 0.927734 0.454102 0.929688 0.454102 0.930664 0.453125 0.932617 0.453125 0.937500 0.453613 0.938477 0.453613 0.942383 0.452637 0.944336 0.452148 0.944336 0.451660 0.945312 0.451172 0.945312 0.451172 0.950195 0.453125 0.950195 0.453613 0.949219 0.454590 0.949219 0.455078 0.950195 0.455078 0.957031 0.454590 0.958008 0.453613 0.958008 0.453125 0.957031 0.451172 0.957031 0.451172 0.958008 0.450684 0.958984 0.450684 0.962891 0.451172 0.963867 0.451172 0.965820 0.453613 0.970703 0.453613 0.971680 0.454102 0.972656 0.454102 0.974609 0.454590 0.975586 0.454590 0.978516 0.455078 0.979492 0.455078 0.981445 0.454590 0.982422 0.454590 0.983398 0.454102 0.984375 0.454102 0.986328 0.453613 0.987305 0.453613 0.993164 0.454102 0.994141 0.454102 0.999023 0.473145 0.999023 0.473145 0.964844 0.472656 0.963867 0.472656 0.926758 0.472168 0.926758 0.471680 0.925781 0.471680 0.919922 0.471191 0.918945 0.471191 0.914062 0.470703 0.913086 0.470703 0.907227 0.470215 0.906250
13 0.402832 0.884766 0.402832 0.891602 0.403320 0.892578 0.403320 0.893555 0.404785 0.896484 0.404785 0.897461 0.405762 0.899414 0.405762 0.900391 0.406250 0.900391 0.407227 0.902344 0.407227 0.903320 0.407715 0.904297 0.407715 0.906250 0.408203 0.907227 0.408203 0.912109 0.408691 0.913086 0.408691 0.916992 0.409180 0.917969 0.409180 0.919922 0.409668 0.920898 0.409668 0.921875 0.410156 0.921875 0.410645 0.922852 0.410645 0.924805 0.412109 0.929688 0.412109 0.940430 0.412598 0.941406 0.412598 0.953125 0.413086 0.954102 0.413574 0.957031 0.414062 0.958008 0.414551 0.958008 0.415527 0.959961 0.416992 0.959961 0.417480 0.958984 0.420898 0.958984 0.421387 0.958008 0.424316 0.958008 0.424805 0.957031 0.428223 0.957031 0.428711 0.956055 0.430176 0.956055 0.430176 0.953125 0.429688 0.952148 0.429688 0.946289 0.430176 0.945312 0.430176 0.942383 0.430664 0.941406 0.430664 0.938477 0.431152 0.937500 0.431152 0.935547 0.431641 0.934570 0.431641 0.932617 0.432129 0.931641 0.432617 0.931641 0.435059 0.928711 0.435547 0.929688 0.435547 0.930664 0.437012 0.933594 0.437012 0.934570 0.438965 0.938477 0.443359 0.938477 0.443359 0.936523 0.443848 0.935547 0.443848 0.932617 0.443359 0.931641 0.443359 0.930664 0.442383 0.928711 0.442383 0.927734 0.441895 0.926758 0.441895 0.924805 0.441406 0.923828 0.441406 0.920898 0.440918 0.920898 0.440430 0.919922 0.440430 0.918945 0.440918 0.917969 0.442383 0.916992 0.443359 0.915039 0.444336 0.915039 0.444824 0.916016 0.446289 0.916016 0.446777 0.916992 0.447266 0.916992 0.447754 0.916016 0.448242 0.916016 0.448730 0.915039 0.449707 0.915039 0.451172 0.913086 0.451172 0.907227 0.451660 0.906250 0.451660 0.900391 0.451172 0.899414 0.451172 0.897461 0.450684 0.896484 0.450684 0.895508 0.447266 0.895508 0.446777 0.896484 0.446289 0.896484 0.445312 0.898438 0.444824 0.898438 0.443359 0.900391 0.442871 0.900391 0.442383 0.899414 0.440430 0.899414 0.439941 0.898438 0.439453 0.898438 0.436035 0.891602 0.436035 0.890625 0.435547 0.889648 0.435547 0.886719 0.435059 0.885742 0.435059 0.884766 0.431641 0.884766 0.431152 0.885742 0.428223 0.885742 0.427734 0.886719 0.427246 0.886719 0.425781 0.888672 0.424805 0.888672 0.424316 0.889648 0.423340 0.889648 0.422852 0.888672 0.421875 0.888672 0.419922 0.884766 0.418945 0.884766 0.418457 0.885742 0.416016 0.885742 0.415527 0.886719 0.413574 0.886719 0.413086 0.887695 0.411133 0.887695 0.410645 0.888672 0.408203 0.888672 0.407715 0.889648 0.406738 0.889648 0.406250 0.888672 0.405762 0.885742 0.404297 0.882812
13 0.782715 0.874023 0.779297 0.874023 0.779297 0.884766 0.778809 0.885742 0.778809 0.887695 0.778320 0.888672 0.778320 0.891602 0.777344 0.893555 0.775391 0.893555 0.774902 0.894531 0.772461 0.894531 0.771973 0.893555 0.770508 0.893555 0.770020 0.892578 0.768555 0.892578 0.768066 0.891602 0.766602 0.891602 0.766113 0.890625 0.765137 0.890625 0.764648 0.889648 0.763184 0.889648 0.762695 0.888672 0.762207 0.888672 0.761719 0.889648 0.761230 0.889648 0.760742 0.890625 0.760742 0.891602 0.759277 0.894531 0.759277 0.895508 0.757812 0.898438 0.757812 0.899414 0.757324 0.900391 0.781738 0.900391 0.781738 0.890625 0.782227 0.889648 0.782227 0.883789 0.782715 0.882812
13 0.266113 0.872070 0.266602 0.873047 0.266602 0.874023 0.267090 0.875000 0.267090 0.875977 0.267578 0.876953 0.267578 0.877930 0.268066 0.878906 0.268066 0.879883 0.268555 0.880859 0.268555 0.881836 0.269043 0.882812 0.270020 0.882812 0.270508 0.883789 0.270996 0.883789 0.271484 0.884766 0.272461 0.884766 0.272949 0.885742 0.273926 0.885742 0.274414 0.886719 0.274902 0.886719 0.275391 0.887695 0.279297 0.887695 0.279785 0.888672 0.282715 0.888672 0.283691 0.886719 0.284180 0.886719 0.284668 0.885742 0.285156 0.885742 0.286133 0.883789 0.286621 0.883789 0.287109 0.882812 0.287598 0.882812 0.288574 0.880859 0.289062 0.880859 0.290527 0.877930 0.290527 0.876953 0.291016 0.875977 0.291016 0.875000 0.291992 0.873047 0.291992 0.872070 0.292480 0.871094 0.292969 0.871094 0.292969 0.870117 0.293945 0.868164 0.293945 0.867188 0.294922 0.865234 0.287109 0.865234 0.286133 0.863281 0.285645 0.863281 0.285156 0.862305 0.284668 0.862305 0.283203 0.859375 0.282715 0.859375 0.281250 0.856445 0.280762 0.856445 0.278809 0.852539 0.278320 0.852539 0.277344 0.850586 0.275879 0.850586 0.275391 0.851562 0.272949 0.851562 0.272461 0.852539 0.271484 0.852539 0.270996 0.853516 0.270996 0.854492 0.270508 0.855469 0.270508 0.856445 0.270020 0.857422 0.270020 0.858398 0.269531 0.859375 0.269043 0.859375 0.269043 0.860352 0.268555 0.861328 0.268555 0.862305 0.268066 0.863281 0.268066 0.864258 0.267090 0.866211 0.267090 0.867188 0.266602 0.868164 0.266602 0.869141 0.266113 0.870117
13 0.732422 0.860352 0.732910 0.861328 0.733398 0.861328 0.733887 0.862305 0.734375 0.862305 0.735352 0.864258 0.735840 0.864258 0.736328 0.865234 0.738281 0.865234 0.739258 0.867188 0.739746 0.867188 0.740234 0.868164 0.740723 0.868164 0.741699 0.870117 0.742188 0.870117 0.742676 0.871094 0.743164 0.871094 0.743652 0.872070 0.744141 0.872070 0.745117 0.874023 0.746094 0.874023 0.746582 0.875000 0.747070 0.875000 0.747559 0.875977 0.754395 0.875977 0.754395 0.875000 0.754883 0.874023 0.754883 0.871094 0.755371 0.870117 0.755371 0.867188 0.755859 0.866211 0.755859 0.864258 0.756348 0.863281 0.756348 0.860352 0.756836 0.859375 0.756836 0.857422 0.756348 0.857422 0.755859 0.856445 0.755371 0.856445 0.754883 0.855469 0.754395 0.855469 0.753906 0.854492 0.752930 0.854492 0.752441 0.853516 0.751953 0.853516 0.751465 0.852539 0.750977 0.852539 0.750488 0.851562 0.750000 0.851562 0.749512 0.850586 0.749023 0.850586 0.748535 0.849609 0.748047 0.849609 0.747559 0.848633 0.745605 0.848633 0.745117 0.847656 0.744629 0.847656 0.744141 0.846680 0.743652 0.846680 0.743164 0.845703 0.742676 0.845703 0.742188 0.844727 0.741699 0.844727 0.741211 0.843750 0.740723 0.843750 0.738281 0.848633 0.737793 0.848633 0.734375 0.855469 0.734375 0.856445
13 0.158203 0.827148 0.158203 0.836914 0.159180 0.839844 0.159668 0.843750 0.160645 0.844727 0.160645 0.846680 0.161621 0.849609 0.167480 0.862305 0.174805 0.872070 0.175781 0.872070 0.178223 0.875000 0.179688 0.875000 0.180176 0.875977 0.181641 0.875977 0.182129 0.876953 0.183594 0.876953 0.187988 0.879883 0.201660 0.876953 0.205078 0.880859 0.210449 0.880859 0.210938 0.879883 0.226562 0.878906 0.229492 0.875977 0.236328 0.882812 0.237305 0.885742 0.239746 0.889648 0.248047 0.888672 0.251465 0.882812 0.252441 0.882812 0.258789 0.873047 0.263672 0.870117 0.264648 0.864258 0.264648 0.860352 0.265137 0.859375 0.265137 0.857422 0.264160 0.856445 0.260742 0.855469 0.259277 0.857422 0.258301 0.857422 0.256836 0.859375 0.252441 0.862305 0.243652 0.861328 0.241211 0.857422 0.243164 0.842773 0.240234 0.841797 0.239746 0.840820 0.237793 0.840820 0.232422 0.844727 0.231445 0.842773 0.230469 0.837891 0.228027 0.836914 0.226074 0.841797 0.223633 0.835938 0.221191 0.834961 0.220215 0.835938 0.221191 0.839844 0.222168 0.846680 0.223145 0.847656 0.223145 0.851562 0.222168 0.852539 0.222168 0.856445 0.221191 0.858398 0.217285 0.862305 0.212402 0.860352 0.210449 0.857422 0.208984 0.851562 0.209473 0.843750 0.212402 0.836914 0.212402 0.828125 0.213867 0.823242 0.212891 0.815430 0.210449 0.812500 0.201660 0.812500 0.197266 0.815430 0.188477 0.814453 0.186035 0.817383 0.183105 0.817383 0.182617 0.816406 0.171875 0.814453 0.170410 0.812500 0.168457 0.812500 0.166016 0.810547 0.164551 0.812500 0.162109 0.813477 0.160645 0.820312 0.159668 0.821289
13 0.690430 0.767578 0.690430 0.770508 0.689941 0.771484 0.689941 0.776367 0.689453 0.777344 0.689453 0.780273 0.694336 0.780273 0.694824 0.781250 0.703613 0.781250 0.704102 0.782227 0.709473 0.782227 0.709961 0.783203 0.711426 0.783203 0.711914 0.784180 0.712891 0.784180 0.713379 0.785156 0.714844 0.785156 0.715332 0.786133 0.716797 0.786133 0.717285 0.787109 0.718262 0.787109 0.718750 0.788086 0.719238 0.788086 0.722168 0.793945 0.723145 0.793945 0.723633 0.794922 0.723633 0.795898 0.728027 0.804688 0.728027 0.805664 0.728516 0.806641 0.728516 0.808594 0.729004 0.809570 0.729004 0.810547 0.729492 0.811523 0.729492 0.810547 0.729980 0.809570 0.730469 0.809570 0.730469 0.806641 0.730957 0.805664 0.730957 0.801758 0.731445 0.800781 0.731445 0.797852 0.731934 0.796875 0.731934 0.786133 0.731445 0.786133 0.730957 0.785156 0.729004 0.785156 0.728516 0.784180 0.727051 0.784180 0.726562 0.783203 0.725098 0.783203 0.724609 0.782227 0.723145 0.782227 0.722656 0.781250 0.720703 0.781250 0.720215 0.780273 0.718750 0.780273 0.718262 0.779297 0.716797 0.779297 0.716309 0.778320 0.714355 0.778320 0.713867 0.777344 0.712402 0.777344 0.711914 0.776367 0.708496 0.776367 0.708008 0.775391 0.706055 0.775391 0.705566 0.774414 0.704102 0.774414 0.703613 0.773438 0.702148 0.773438 0.701660 0.772461 0.700195 0.772461 0.699707 0.771484 0.697754 0.771484 0.697266 0.770508 0.695801 0.770508 0.695312 0.769531 0.693848 0.769531 0.693359 0.768555 0.691895 0.768555 0.691406 0.767578
13 0.314941 0.739258 0.314941 0.744141 0.315430 0.745117 0.315430 0.757812 0.315918 0.758789 0.315918 0.764648 0.315430 0.765625 0.315430 0.767578 0.314941 0.768555 0.314941 0.770508 0.314453 0.771484 0.314453 0.774414 0.313965 0.775391 0.313965 0.776367 0.313477 0.777344 0.313477 0.778320 0.312988 0.779297 0.312988 0.780273 0.312012 0.782227 0.312012 0.783203 0.311035 0.785156 0.311035 0.786133 0.310547 0.787109 0.310547 0.788086 0.311035 0.789062 0.311035 0.791016 0.312012 0.793945 0.313965 0.793945 0.315430 0.796875 0.316406 0.796875 0.317871 0.799805 0.319824 0.799805 0.320312 0.800781 0.322266 0.800781 0.323730 0.803711 0.324707 0.803711 0.326172 0.806641 0.327637 0.806641 0.328125 0.805664 0.332031 0.805664 0.332520 0.804688 0.335449 0.804688 0.335938 0.803711 0.341309 0.803711 0.341797 0.804688 0.345215 0.804688 0.345703 0.803711 0.346191 0.803711 0.347168 0.801758 0.347656 0.801758 0.348145 0.800781 0.348633 0.800781 0.350098 0.797852 0.350586 0.797852 0.351074 0.796875 0.352051 0.796875 0.352539 0.795898 0.355469 0.795898 0.355957 0.794922 0.358398 0.794922 0.358887 0.793945 0.359863 0.793945 0.359863 0.788086 0.358887 0.786133 0.358887 0.785156 0.357422 0.782227 0.357422 0.781250 0.355957 0.778320 0.354980 0.778320 0.353516 0.776367 0.352051 0.776367 0.351562 0.775391 0.351074 0.775391 0.350586 0.774414 0.350098 0.774414 0.349609 0.773438 0.349121 0.773438 0.347656 0.771484 0.346680 0.771484 0.346191 0.770508 0.345703 0.770508 0.345215 0.769531 0.344727 0.769531 0.344238 0.768555 0.343750 0.768555 0.343262 0.767578 0.342773 0.767578 0.342285 0.766602 0.341797 0.766602 0.340332 0.764648 0.339355 0.764648 0.338867 0.763672 0.338379 0.763672 0.336914 0.761719 0.335938 0.761719 0.335449 0.760742 0.334473 0.760742 0.333008 0.758789 0.330078 0.758789 0.329590 0.757812 0.328613 0.757812 0.328125 0.756836 0.327637 0.756836 0.326660 0.754883 0.326660 0.753906 0.324707 0.750000 0.324707 0.749023 0.324219 0.748047 0.323730 0.748047 0.322754 0.746094 0.322754 0.745117 0.319824 0.739258
13 0.764160 0.737305 0.764648 0.738281 0.764648 0.739258 0.765625 0.741211 0.765625 0.742188 0.766113 0.743164 0.766113 0.744141 0.766602 0.745117 0.766602 0.746094 0.767090 0.747070 0.767090 0.748047 0.767578 0.749023 0.767578 0.750000 0.768555 0.751953 0.768555 0.752930 0.769043 0.753906 0.769043 0.754883 0.769531 0.754883 0.770020 0.755859 0.770020 0.756836 0.770996 0.758789 0.770996 0.759766 0.771484 0.760742 0.771484 0.761719 0.771973 0.762695 0.771973 0.763672 0.772461 0.764648 0.772461 0.777344 0.771973 0.778320 0.771484 0.778320 0.770996 0.779297 0.770508 0.779297 0.770020 0.780273 0.769043 0.780273 0.768066 0.782227 0.767578 0.782227 0.767090 0.783203 0.766602 0.783203 0.766113 0.784180 0.765625 0.784180 0.765137 0.785156 0.765625 0.785156 0.766113 0.784180 0.767578 0.784180 0.768066 0.783203 0.770020 0.783203 0.770508 0.782227 0.771484 0.782227 0.771973 0.781250 0.773438 0.781250 0.773926 0.780273 0.774414 0.780273 0.774414 0.779297 0.774902 0.778320 0.774902 0.776367 0.775391 0.775391 0.775391 0.773438 0.775879 0.772461 0.777344 0.772461 0.778809 0.775391 0.779785 0.775391 0.780762 0.777344 0.781250 0.777344 0.782715 0.780273 0.783203 0.780273 0.784180 0.782227 0.784180 0.781250 0.783691 0.780273 0.783691 0.778320 0.783203 0.777344 0.783203 0.775391 0.782715 0.774414 0.782715 0.772461 0.782227 0.771484 0.782227 0.769531 0.781738 0.768555 0.781738 0.767578 0.781250 0.766602 0.781250 0.765625 0.780762 0.764648 0.780762 0.763672 0.780273 0.762695 0.780273 0.761719 0.779785 0.760742 0.779785 0.759766 0.778809 0.757812 0.778809 0.756836 0.778320 0.755859 0.778320 0.754883 0.777832 0.753906 0.777832 0.752930 0.777344 0.751953 0.776855 0.751953 0.776367 0.750977 0.776367 0.750000 0.775879 0.749023 0.775879 0.748047 0.775391 0.747070 0.775391 0.746094 0.774902 0.745117 0.774902 0.744141 0.774414 0.743164 0.774414 0.742188 0.773438 0.740234 0.773438 0.739258 0.772949 0.738281 0.772949 0.737305 0.772461 0.736328 0.768555 0.736328 0.768066 0.737305
13 0.396484 0.735352 0.397461 0.737305 0.397461 0.738281 0.400391 0.744141 0.400391 0.745117 0.401367 0.747070 0.407227 0.747070 0.407715 0.748047 0.414062 0.748047 0.414551 0.747070 0.415527 0.747070 0.416016 0.746094 0.416992 0.746094 0.417480 0.745117 0.418457 0.745117 0.418945 0.744141 0.419922 0.744141 0.420410 0.743164 0.421387 0.743164 0.421875 0.742188 0.422363 0.742188 0.422363 0.738281 0.418945 0.738281 0.418457 0.739258 0.411133 0.739258 0.410645 0.740234 0.406738 0.740234 0.406250 0.739258 0.405762 0.739258 0.405273 0.738281 0.404785 0.738281 0.403809 0.736328 0.403320 0.736328 0.402832 0.735352 0.401855 0.735352 0.401367 0.734375 0.400879 0.734375 0.399902 0.732422 0.399414 0.732422 0.398926 0.731445 0.398438 0.731445 0.397949 0.730469 0.397461 0.731445 0.397461 0.732422 0.396973 0.733398 0.396973 0.734375
13 0.673340 0.691406 0.670410 0.697266 0.670410 0.700195 0.669922 0.701172 0.669922 0.704102 0.669434 0.705078 0.667480 0.705078 0.666992 0.706055 0.666504 0.706055 0.666016 0.707031 0.666016 0.708984 0.665527 0.709961 0.665527 0.713867 0.665039 0.714844 0.665039 0.718750 0.664551 0.719727 0.664551 0.722656 0.664062 0.723633 0.664062 0.726562 0.664551 0.727539 0.664551 0.728516 0.665039 0.729492 0.665039 0.731445 0.665527 0.732422 0.665527 0.733398 0.666016 0.734375 0.666016 0.735352 0.667480 0.738281 0.667969 0.738281 0.668945 0.740234 0.669434 0.740234 0.670898 0.743164 0.670898 0.744141 0.675293 0.752930 0.676270 0.752930 0.676758 0.753906 0.677734 0.753906 0.678223 0.754883 0.679199 0.754883 0.679688 0.755859 0.680664 0.755859 0.681152 0.756836 0.681641 0.756836 0.683105 0.753906 0.683594 0.753906 0.687012 0.747070 0.687012 0.746094 0.689941 0.740234 0.690430 0.740234 0.690918 0.739258 0.691406 0.739258 0.692383 0.737305 0.692383 0.736328 0.693359 0.734375 0.693359 0.733398 0.694336 0.731445 0.694336 0.730469 0.694824 0.729492 0.694824 0.728516 0.695801 0.726562 0.695801 0.725586 0.696289 0.724609 0.696289 0.723633 0.696777 0.722656 0.696777 0.720703 0.697266 0.719727 0.697266 0.718750 0.696289 0.716797 0.695801 0.716797 0.694336 0.713867 0.693848 0.713867 0.692871 0.711914 0.692383 0.711914 0.691895 0.710938 0.689941 0.710938 0.689453 0.709961 0.688965 0.709961 0.686523 0.705078 0.686035 0.705078 0.683594 0.700195 0.683105 0.700195 0.681152 0.696289 0.680664 0.696289 0.680176 0.695312 0.679199 0.695312 0.678711 0.694336 0.677734 0.694336 0.677246 0.693359 0.676270 0.693359 0.675781 0.692383 0.674316 0.692383 0.673828 0.691406
13 0.483887 0.669922 0.485352 0.677734 0.521484 0.686523 0.530273 0.666016 0.540039 0.663086 0.544922 0.655273 0.561523 0.658203 0.569336 0.673828 0.577148 0.680664 0.587402 0.702148 0.594727 0.706055 0.615723 0.702148 0.621582 0.707031 0.636230 0.700195 0.646484 0.703125 0.650879 0.692383 0.662109 0.690430 0.668457 0.664062 0.680176 0.650391 0.690918 0.627930 0.727539 0.620117 0.739746 0.630859 0.755371 0.657227 0.760742 0.688477 0.751465 0.697266 0.736328 0.687500 0.728027 0.694336 0.747559 0.704102 0.753418 0.712891 0.769531 0.712891 0.768066 0.667969 0.793945 0.683594 0.809570 0.673828 0.833008 0.683594 0.825684 0.701172 0.809082 0.705078 0.828613 0.706055 0.839355 0.714844 0.850586 0.713867 0.874023 0.743164 0.874023 0.720703 0.876953 0.710938 0.884766 0.724609 0.889648 0.764648 0.888184 0.774414 0.876953 0.790039 0.875000 0.808594 0.874512 0.799805 0.850098 0.799805 0.819824 0.785156 0.796875 0.750000 0.789062 0.758789 0.786621 0.765625 0.791992 0.777344 0.796387 0.781250 0.804199 0.775391 0.810059 0.792969 0.818359 0.792969 0.824707 0.813477 0.824707 0.833984 0.833496 0.843750 0.852539 0.851562 0.854492 0.838867 0.864746 0.833008 0.879395 0.848633 0.904297 0.845703 0.916504 0.829102 0.916016 0.822266 0.921875 0.807617 0.946777 0.804688 0.951172 0.794922 0.949707 0.781250 0.943359 0.774414 0.943848 0.764648 0.940430 0.759766 0.944824 0.753906 0.944336 0.748047 0.929688 0.732422 0.932129 0.724609 0.928223 0.718750 0.927734 0.710938 0.922852 0.706055 0.922852 0.696289 0.927734 0.690430 0.920410 0.683594 0.892090 0.679688 0.888184 0.687500 0.878418 0.692383 0.867188 0.676758 0.828125 0.669922 0.816406 0.652344 0.796875 0.658203 0.782227 0.646484 0.767090 0.648438 0.745605 0.629883 0.729492 0.604492 0.719727 0.603516 0.715820 0.615234 0.680176 0.613281 0.677734 0.635742 0.658691 0.623047 0.650391 0.630859 0.621582 0.633789 0.609375 0.646484 0.586426 0.637695 0.582031 0.642578 0.546875 0.643555 0.529297 0.659180 0.502441 0.653320
16 0.639160 0.997070 0.638672 0.996094 0.638672 0.993164 0.638184 0.992188 0.637695 0.988281 0.636719 0.986328 0.636230 0.986328 0.632812 0.979492 0.631836 0.974609 0.630859 0.972656 0.629883 0.968750 0.627930 0.967773 0.627441 0.966797 0.626465 0.966797 0.625977 0.965820 0.625000 0.965820 0.622070 0.962891 0.620605 0.962891 0.618652 0.960938 0.615234 0.955078 0.612305 0.952148 0.609863 0.952148 0.605469 0.960938 0.604980 0.960938 0.604980 0.961914 0.603516 0.964844 0.599609 0.962891 0.595215 0.957031 0.593750 0.957031 0.593262 0.956055 0.591309 0.956055 0.589844 0.958008 0.588379 0.958008 0.587402 0.958984 0.585938 0.964844 0.585938 0.966797 0.583984 0.973633 0.582031 0.975586 0.580078 0.975586 0.579590 0.976562 0.576660 0.977539 0.575684 0.979492 0.575684 0.980469 0.574219 0.983398 0.573730 0.983398 0.571777 0.988281 0.568848 0.981445 0.568848 0.980469 0.566406 0.975586 0.566406 0.974609 0.560547 0.968750 0.547852 0.968750 0.545410 0.973633 0.542480 0.976562 0.540527 0.980469 0.538574 0.999023 0.639160 0.999023
16 0.299316 0.939453 0.295898 0.932617 0.287598 0.930664 0.285156 0.932617 0.282715 0.932617 0.280273 0.934570 0.271484 0.937500 0.270020 0.940430 0.269043 0.940430 0.268555 0.938477 0.271484 0.934570 0.278320 0.932617 0.281738 0.929688 0.283691 0.926758 0.281738 0.922852 0.273926 0.919922 0.270508 0.915039 0.268555 0.915039 0.262207 0.911133 0.260254 0.911133 0.259766 0.910156 0.248535 0.905273 0.238281 0.912109 0.236816 0.912109 0.230469 0.919922 0.222168 0.920898 0.221680 0.921875 0.216309 0.921875 0.209473 0.928711 0.205078 0.929688 0.199219 0.937500 0.196777 0.938477 0.183594 0.965820 0.181152 0.969727 0.176758 0.973633 0.176270 0.976562 0.174805 0.978516 0.171875 0.989258 0.190430 0.988281 0.193848 0.985352 0.197266 0.989258 0.193848 0.995117 0.193848 0.999023 0.222656 0.999023 0.223633 0.995117 0.224121 0.996094 0.224121 0.999023 0.246094 0.999023 0.246094 0.996094 0.250977 0.990234 0.254395 0.989258 0.268066 0.977539 0.270508 0.970703 0.278809 0.955078 0.283203 0.954102 0.287109 0.958008 0.290527 0.954102 0.291992 0.954102 0.294922 0.951172 0.299316 0.949219
16 0.756836 0.860352 0.756836 0.863281 0.755859 0.867188 0.755371 0.874023 0.757324 0.881836 0.759277 0.884766 0.759766 0.884766 0.761230 0.887695 0.764648 0.888672 0.766602 0.890625 0.768066 0.890625 0.768555 0.891602 0.770020 0.891602 0.770508 0.892578 0.771973 0.892578 0.772461 0.893555 0.774902 0.893555 0.775391 0.892578 0.777344 0.892578 0.777832 0.891602 0.777832 0.888672 0.778809 0.884766 0.778809 0.875000 0.778320 0.874023 0.778320 0.866211 0.779297 0.865234 0.779785 0.863281 0.780762 0.865234 0.781738 0.865234 0.783203 0.868164 0.783691 0.868164 0.784668 0.870117 0.784668 0.871094 0.785645 0.872070 0.785645 0.874023 0.786621 0.876953 0.786621 0.880859 0.786133 0.881836 0.786133 0.884766 0.785156 0.886719 0.784668 0.886719 0.782227 0.891602 0.782227 0.896484 0.782715 0.897461 0.782715 0.899414 0.783691 0.901367 0.783691 0.903320 0.784180 0.905273 0.785156 0.906250 0.788574 0.913086 0.790527 0.915039 0.792969 0.916016 0.794434 0.917969 0.795898 0.917969 0.796387 0.918945 0.800781 0.918945 0.801270 0.919922 0.803223 0.919922 0.803711 0.920898 0.804688 0.920898 0.807129 0.925781 0.807129 0.926758 0.808105 0.928711 0.808594 0.928711 0.810547 0.932617 0.813477 0.935547 0.818359 0.935547 0.820312 0.930664 0.821289 0.919922 0.819336 0.915039 0.818848 0.912109 0.817871 0.910156 0.816406 0.904297 0.815918 0.904297 0.814941 0.901367 0.814941 0.897461 0.814453 0.896484 0.814453 0.886719 0.813965 0.885742 0.813965 0.875977 0.813477 0.875000 0.813477 0.870117 0.812500 0.866211 0.809082 0.859375 0.808105 0.859375 0.805664 0.854492 0.800781 0.849609 0.796875 0.849609 0.796387 0.848633 0.777832 0.848633 0.777344 0.849609 0.772461 0.849609 0.771973 0.850586 0.766602 0.850586 0.766113 0.851562 0.763184 0.851562 0.761719 0.853516 0.760742 0.853516 0.759766 0.854492
16 0.642090 0.767578 0.642090 0.775391 0.642578 0.775391 0.643066 0.776367 0.643066 0.777344 0.644043 0.779297 0.644531 0.779297 0.645508 0.781250 0.645508 0.782227 0.646484 0.784180 0.646973 0.783203 0.647461 0.783203 0.648926 0.780273 0.649414 0.780273 0.649902 0.779297 0.650879 0.781250 0.650879 0.782227 0.651855 0.784180 0.652344 0.784180 0.653320 0.786133 0.653320 0.787109 0.654297 0.789062 0.655273 0.789062 0.655762 0.788086 0.658203 0.788086 0.658691 0.787109 0.661133 0.787109 0.661621 0.786133 0.664062 0.786133 0.664551 0.785156 0.666992 0.785156 0.667480 0.786133 0.669434 0.786133 0.669922 0.785156 0.669922 0.784180 0.670410 0.783203 0.670410 0.781250 0.669922 0.780273 0.669922 0.779297 0.669434 0.778320 0.669434 0.776367 0.668457 0.774414 0.668457 0.772461 0.667969 0.771484 0.667969 0.770508 0.667480 0.770508 0.666992 0.769531 0.666992 0.768555 0.663086 0.760742 0.662598 0.760742 0.662109 0.759766 0.660645 0.759766 0.660156 0.758789 0.652832 0.758789 0.652344 0.759766 0.649414 0.759766 0.648926 0.760742 0.647461 0.760742 0.646973 0.761719 0.646484 0.761719 0.645020 0.764648 0.644043 0.764648 0.643066 0.766602 0.642578 0.766602
16 0.000000 0.730469 0.000000 0.870117 0.001465 0.870117 0.003418 0.867188 0.005371 0.865234 0.006348 0.865234 0.010742 0.858398 0.011719 0.858398 0.014648 0.853516 0.015137 0.853516 0.019043 0.847656 0.020508 0.847656 0.023438 0.836914 0.023438 0.833008 0.023926 0.832031 0.023926 0.829102 0.025879 0.824219 0.026855 0.823242 0.027832 0.823242 0.029297 0.821289 0.030273 0.821289 0.033691 0.817383 0.035156 0.817383 0.038086 0.814453 0.041504 0.808594 0.041992 0.806641 0.041992 0.804688 0.042969 0.803711 0.042969 0.801758 0.043457 0.800781 0.043457 0.797852 0.044922 0.791992 0.044922 0.772461 0.042969 0.764648 0.041992 0.763672 0.041016 0.758789 0.039551 0.757812 0.038574 0.755859 0.036621 0.753906 0.034668 0.753906 0.034180 0.754883 0.032715 0.754883 0.031738 0.751953 0.030762 0.751953 0.030273 0.752930 0.027832 0.752930 0.027344 0.753906 0.024414 0.753906 0.023926 0.754883 0.022949 0.754883 0.021484 0.758789 0.021484 0.759766 0.020508 0.761719 0.020020 0.764648 0.018555 0.766602 0.017090 0.772461 0.015137 0.769531 0.013672 0.768555 0.012695 0.766602 0.012695 0.765625 0.011719 0.763672 0.011230 0.763672 0.010742 0.761719 0.008301 0.756836 0.008301 0.755859 0.006836 0.752930 0.005371 0.747070 0.004883 0.742188 0.003906 0.740234 0.003906 0.736328 0.002930 0.735352 0.002441 0.732422 0.001465 0.730469
16 0.017090 0.723633 0.017090 0.724609 0.016602 0.725586 0.019043 0.730469 0.020020 0.730469 0.020508 0.731445 0.021484 0.731445 0.021973 0.732422 0.022949 0.732422 0.023438 0.733398 0.024414 0.733398 0.024902 0.734375 0.025879 0.734375 0.026367 0.735352 0.027344 0.735352 0.027832 0.736328 0.028320 0.736328 0.029785 0.739258 0.030273 0.739258 0.030762 0.740234 0.031738 0.740234 0.033203 0.743164 0.033691 0.743164 0.034668 0.745117 0.035156 0.745117 0.035645 0.746094 0.035645 0.747070 0.037109 0.750000 0.037109 0.750977 0.038086 0.752930 0.038574 0.752930 0.039062 0.753906 0.040039 0.753906 0.040527 0.754883 0.041016 0.754883 0.041992 0.752930 0.041992 0.751953 0.042480 0.750977 0.042969 0.750977 0.042969 0.742188 0.043457 0.741211 0.043457 0.731445 0.042969 0.730469 0.042969 0.729492 0.042480 0.729492 0.041992 0.728516 0.041992 0.726562 0.041504 0.725586 0.041504 0.723633 0.040527 0.721680 0.040527 0.708008 0.040039 0.707031 0.040039 0.706055 0.038574 0.703125 0.038574 0.702148 0.038086 0.701172 0.036621 0.701172 0.036133 0.700195 0.034180 0.700195 0.031738 0.705078 0.031250 0.705078 0.029297 0.708984 0.028809 0.708984 0.027344 0.711914 0.026855 0.711914 0.023438 0.718750 0.022949 0.718750 0.022461 0.719727 0.021973 0.719727 0.021484 0.720703 0.020996 0.720703 0.020508 0.721680 0.020020 0.721680 0.019531 0.722656 0.018555 0.722656 0.018066 0.723633
16 0.768066 0.673828 0.768066 0.686523 0.769043 0.696289 0.770020 0.697266 0.770020 0.710938 0.771973 0.717773 0.770508 0.723633 0.770508 0.732422 0.770996 0.735352 0.772461 0.735352 0.773438 0.737305 0.776855 0.750977 0.778320 0.752930 0.782227 0.767578 0.786621 0.768555 0.789062 0.772461 0.786133 0.765625 0.789062 0.757812 0.796875 0.749023 0.798828 0.752930 0.803711 0.758789 0.807129 0.765625 0.808594 0.766602 0.812012 0.773438 0.819824 0.784180 0.827148 0.787109 0.838379 0.793945 0.841797 0.793945 0.850098 0.798828 0.871094 0.798828 0.873047 0.796875 0.880859 0.781250 0.883789 0.780273 0.885254 0.778320 0.885254 0.776367 0.884277 0.774414 0.883789 0.761719 0.878906 0.754883 0.878906 0.746094 0.882324 0.739258 0.876953 0.730469 0.876465 0.742188 0.873047 0.746094 0.871582 0.743164 0.870605 0.743164 0.867676 0.739258 0.863281 0.731445 0.853516 0.725586 0.851562 0.723633 0.848145 0.716797 0.844727 0.715820 0.841797 0.718750 0.835449 0.711914 0.830078 0.708984 0.828613 0.707031 0.818848 0.707031 0.818359 0.706055 0.809082 0.706055 0.808594 0.705078 0.809082 0.704102 0.813477 0.704102 0.813965 0.703125 0.817383 0.703125 0.825684 0.700195 0.829102 0.693359 0.829102 0.690430 0.821289 0.688477 0.816406 0.684570 0.807617 0.686523 0.805176 0.685547 0.802734 0.680664 0.798340 0.681641 0.794922 0.687500 0.790039 0.685547 0.786621 0.680664 0.782227 0.679688 0.780762 0.675781 0.771484 0.669922
16 0.528809 0.670898 0.527832 0.679688 0.526855 0.680664 0.526855 0.682617 0.526367 0.683594 0.526367 0.686523 0.524902 0.692383 0.524902 0.695312 0.522949 0.703125 0.521973 0.705078 0.520020 0.713867 0.519043 0.714844 0.518066 0.716797 0.518066 0.717773 0.514648 0.724609 0.514648 0.728516 0.514160 0.729492 0.514160 0.735352 0.514648 0.736328 0.514648 0.739258 0.516113 0.745117 0.516113 0.748047 0.517578 0.751953 0.518066 0.751953 0.519043 0.753906 0.520508 0.754883 0.521973 0.757812 0.522949 0.757812 0.524902 0.760742 0.525879 0.760742 0.526367 0.761719 0.528320 0.761719 0.528809 0.762695 0.531250 0.763672 0.533203 0.765625 0.534180 0.767578 0.535156 0.767578 0.536621 0.770508 0.537109 0.770508 0.539551 0.774414 0.542480 0.777344 0.543457 0.777344 0.544922 0.779297 0.545898 0.779297 0.547363 0.781250 0.552246 0.781250 0.552734 0.782227 0.559082 0.782227 0.559570 0.781250 0.562988 0.781250 0.563477 0.780273 0.567871 0.780273 0.568359 0.779297 0.571777 0.779297 0.572266 0.778320 0.585938 0.778320 0.585938 0.777344 0.586914 0.775391 0.586914 0.772461 0.587402 0.771484 0.587891 0.758789 0.588379 0.757812 0.588379 0.755859 0.588867 0.754883 0.589844 0.754883 0.589844 0.730469 0.588867 0.729492 0.588867 0.727539 0.587402 0.721680 0.587402 0.719727 0.586914 0.718750 0.586914 0.716797 0.586426 0.715820 0.586426 0.713867 0.585938 0.712891 0.584961 0.705078 0.583984 0.703125 0.582520 0.697266 0.581055 0.695312 0.580566 0.692383 0.577148 0.683594 0.574219 0.680664 0.573242 0.680664 0.572266 0.678711 0.567871 0.674805 0.566895 0.672852 0.566406 0.669922 0.565918 0.669922 0.563477 0.664062 0.562988 0.664062 0.560547 0.660156 0.551270 0.660156 0.550781 0.659180 0.549805 0.659180 0.547852 0.657227 0.547363 0.658203 0.545410 0.659180 0.543457 0.663086 0.542480 0.663086 0.541016 0.666016 0.540039 0.666016 0.539551 0.666992 0.537109 0.666992 0.536621 0.667969 0.533691 0.667969 0.533203 0.668945 0.530762 0.668945
16 0.674805 0.663086 0.674805 0.670898 0.673340 0.675781 0.674805 0.690430 0.681152 0.695312 0.688965 0.708984 0.692871 0.710938 0.697754 0.718750 0.694824 0.731445 0.686523 0.752930 0.686523 0.759766 0.689453 0.761719 0.692383 0.767578 0.706055 0.774414 0.711914 0.775391 0.729004 0.784180 0.730957 0.784180 0.732422 0.786133 0.732422 0.789062 0.740234 0.790039 0.744141 0.792969 0.749023 0.793945 0.751465 0.795898 0.757812 0.795898 0.759277 0.793945 0.763184 0.791992 0.766113 0.785156 0.765625 0.786133 0.764648 0.785156 0.769531 0.779297 0.771973 0.774414 0.771484 0.764648 0.769531 0.756836 0.768555 0.755859 0.767090 0.749023 0.763184 0.741211 0.761230 0.740234 0.756836 0.731445 0.756836 0.724609 0.753418 0.720703 0.743652 0.705078 0.741699 0.705078 0.738281 0.702148 0.736816 0.702148 0.730957 0.698242 0.730469 0.697266 0.730957 0.696289 0.729004 0.696289 0.727539 0.694336 0.735352 0.686523 0.742676 0.691406 0.744141 0.691406 0.745605 0.688477 0.748047 0.686523 0.750977 0.696289 0.752930 0.694336 0.752930 0.675781 0.750488 0.667969 0.749512 0.655273 0.748047 0.652344 0.743652 0.647461 0.739258 0.639648 0.731934 0.633789 0.728516 0.632812 0.720703 0.625977 0.705078 0.625000 0.700684 0.627930 0.698730 0.627930 0.692871 0.633789 0.689941 0.634766 0.683594 0.652344 0.679199 0.660156
17 0.823730 0.921875 0.823242 0.934570 0.825195 0.938477 0.831543 0.969727 0.833496 0.973633 0.832520 0.983398 0.831543 0.984375 0.829590 0.999023 0.857910 0.999023 0.861328 0.978516 0.867676 0.972656 0.873535 0.971680 0.879883 0.972656 0.888672 0.980469 0.894531 0.981445 0.902832 0.988281 0.903809 0.990234 0.906250 0.991211 0.908691 0.994141 0.910645 0.999023 0.999512 0.999023 0.999512 0.937500 0.995605 0.937500 0.991211 0.931641 0.985352 0.929688 0.975586 0.919922 0.957031 0.914062 0.954590 0.914062 0.952148 0.916016 0.945801 0.915039 0.940430 0.912109 0.935547 0.904297 0.928711 0.899414 0.913086 0.894531 0.898926 0.894531 0.890625 0.889648 0.884277 0.889648 0.876465 0.897461 0.868652 0.896484 0.858887 0.890625 0.833496 0.889648 0.829102 0.893555 0.826660 0.902344 0.826660 0.913086 0.824707 0.920898
17 0.478027 0.687500 0.476074 0.724609 0.478516 0.822266 0.482422 0.820312 0.489258 0.828125 0.516602 0.833984 0.521973 0.839844 0.525391 0.850586 0.528320 0.852539 0.533691 0.846680 0.548340 0.843750 0.552734 0.836914 0.562012 0.842773 0.564453 0.834961 0.568359 0.834961 0.568848 0.840820 0.565430 0.843750 0.568359 0.849609 0.567871 0.857422 0.559082 0.876953 0.552246 0.878906 0.547363 0.887695 0.530762 0.901367 0.529297 0.906250 0.532227 0.918945 0.544434 0.913086 0.552246 0.913086 0.558594 0.919922 0.567383 0.943359 0.571289 0.973633 0.582520 0.971680 0.588379 0.956055 0.595703 0.955078 0.603516 0.960938 0.608398 0.951172 0.612305 0.949219 0.631836 0.969727 0.634766 0.981445 0.638672 0.987305 0.640625 0.999023 0.729492 0.999023 0.728516 0.994141 0.715332 0.975586 0.703613 0.963867 0.700195 0.953125 0.700684 0.929688 0.704102 0.916992 0.709961 0.908203 0.709961 0.894531 0.713867 0.884766 0.698730 0.878906 0.695312 0.870117 0.695801 0.864258 0.689453 0.860352 0.687012 0.848633 0.670410 0.824219 0.659668 0.817383 0.655762 0.809570 0.649902 0.807617 0.646484 0.800781 0.642090 0.801758 0.641113 0.788086 0.637695 0.776367 0.644043 0.758789 0.655762 0.747070 0.657715 0.723633 0.654297 0.710938 0.656250 0.702148 0.654297 0.693359 0.648438 0.696289 0.646484 0.704102 0.636230 0.701172 0.615723 0.710938 0.607422 0.710938 0.600586 0.724609 0.591797 0.723633 0.592285 0.751953 0.596191 0.760742 0.599121 0.775391 0.610352 0.782227 0.603027 0.782227 0.598145 0.789062 0.593262 0.791016 0.578613 0.791016 0.568359 0.785156 0.551270 0.786133 0.538086 0.781250 0.529785 0.768555 0.515137 0.752930 0.512695 0.737305 0.513672 0.708984 0.512207 0.706055 0.501953 0.704102 0.497559 0.695312 0.493164 0.694336 0.490234 0.697266 0.487305 0.692383 0.483398 0.691406 0.482422 0.684570
17 0.000000 0.999023 0.084473 0.999023 0.120117 0.930664 0.135254 0.918945 0.144531 0.924805 0.146484 0.938477 0.135254 0.999023 0.163574 0.999023 0.197266 0.931641 0.212402 0.918945 0.252930 0.902344 0.282715 0.922852 0.293457 0.923828 0.308105 0.892578 0.323730 0.884766 0.335449 0.895508 0.330566 0.918945 0.333008 0.931641 0.326660 0.940430 0.333984 0.941406 0.336426 0.954102 0.341309 0.954102 0.361816 0.906250 0.404297 0.877930 0.432129 0.806641 0.451172 0.800781 0.463867 0.808594 0.456055 0.813477 0.466797 0.817383 0.471680 0.798828 0.470703 0.764648 0.453613 0.768555 0.446289 0.760742 0.444824 0.750000 0.451172 0.733398 0.460938 0.724609 0.469727 0.737305 0.468750 0.670898 0.458984 0.666992 0.449707 0.712891 0.419922 0.757812 0.400391 0.763672 0.397949 0.776367 0.385254 0.789062 0.380371 0.785156 0.366211 0.795898 0.360840 0.791992 0.345215 0.805664 0.326172 0.807617 0.315430 0.797852 0.318848 0.801758 0.319824 0.822266 0.312988 0.845703 0.294922 0.867188 0.289062 0.881836 0.279785 0.889648 0.261230 0.875977 0.251465 0.892578 0.250000 0.886719 0.239746 0.890625 0.229492 0.876953 0.187988 0.880859 0.166992 0.873047 0.157227 0.843750 0.156738 0.823242 0.171387 0.782227 0.187012 0.761719 0.190430 0.725586 0.212402 0.707031 0.241211 0.695312 0.252930 0.716797 0.250000 0.733398 0.239746 0.746094 0.243652 0.757812 0.248047 0.751953 0.265137 0.765625 0.274902 0.761719 0.280762 0.738281 0.287109 0.731445 0.289062 0.711914 0.274902 0.703125 0.263184 0.679688 0.250488 0.675781 0.257324 0.650391 0.285156 0.626953 0.258789 0.624023 0.250000 0.605469 0.229980 0.604492 0.193359 0.620117 0.165039 0.624023 0.154297 0.635742 0.108887 0.644531 0.100098 0.629883 0.101562 0.618164 0.108887 0.607422 0.107422 0.584961 0.099121 0.598633 0.063477 0.617188 0.060059 0.630859 0.028320 0.648438 0.000000 0.645508 0.000000 0.677734 0.022461 0.676758 0.039551 0.695312 0.043457 0.709961 0.046875 0.770508 0.043457 0.810547 0.026855 0.830078 0.019531 0.853516 0.000000 0.875977
18 0.214355 0.834961 0.209961 0.843750 0.209961 0.847656 0.209473 0.848633 0.209473 0.851562 0.209961 0.852539 0.209961 0.853516 0.210449 0.854492 0.210449 0.855469 0.210938 0.856445 0.210938 0.857422 0.211426 0.858398 0.211914 0.858398 0.212402 0.859375 0.213867 0.859375 0.214355 0.860352 0.216309 0.860352 0.216797 0.861328 0.217285 0.861328 0.217773 0.860352 0.218262 0.860352 0.218750 0.859375 0.219238 0.859375 0.219727 0.858398 0.220215 0.858398 0.220703 0.857422 0.221191 0.857422 0.221680 0.856445 0.221680 0.852539 0.222168 0.851562 0.222656 0.851562 0.222656 0.847656 0.222168 0.847656 0.221680 0.846680 0.221680 0.845703 0.221191 0.844727 0.221191 0.842773 0.220703 0.841797 0.220703 0.839844 0.220215 0.838867 0.220215 0.837891 0.219727 0.836914 0.219727 0.835938 0.217773 0.835938 0.217285 0.834961
21 0.536133 0.926758 0.536621 0.926758 0.537109 0.927734 0.537598 0.927734 0.538086 0.928711 0.538574 0.928711 0.542480 0.936523 0.543457 0.936523 0.543945 0.937500 0.544434 0.937500 0.544922 0.938477 0.545898 0.938477 0.546387 0.939453 0.547363 0.939453 0.547852 0.940430 0.548340 0.940430 0.550293 0.944336 0.550781 0.944336 0.552246 0.947266 0.552246 0.951172 0.552734 0.952148 0.552734 0.954102 0.554199 0.957031 0.554199 0.958008 0.556152 0.961914 0.557129 0.961914 0.557617 0.962891 0.559570 0.962891 0.560059 0.963867 0.560547 0.963867 0.564453 0.971680 0.568359 0.971680 0.568359 0.959961 0.567871 0.958984 0.567871 0.956055 0.567383 0.955078 0.567383 0.953125 0.566895 0.952148 0.566895 0.949219 0.566406 0.948242 0.566406 0.945312 0.565918 0.945312 0.565430 0.944336 0.565430 0.943359 0.564941 0.942383 0.564941 0.941406 0.563965 0.939453 0.563965 0.938477 0.562500 0.935547 0.562500 0.934570 0.561523 0.932617 0.561523 0.931641 0.558594 0.925781 0.558105 0.925781 0.557617 0.924805 0.557617 0.923828 0.555664 0.919922 0.555176 0.919922 0.554688 0.918945 0.553711 0.918945 0.553223 0.917969 0.551758 0.917969 0.551270 0.916992 0.549316 0.916992 0.548828 0.916016 0.547363 0.916016 0.546875 0.915039 0.545410 0.915039 0.544922 0.916016 0.544434 0.916016 0.543945 0.916992 0.543457 0.916992 0.542969 0.917969 0.541504 0.917969 0.541016 0.918945 0.540527 0.918945 0.540039 0.919922 0.539062 0.919922 0.537598 0.922852 0.537598 0.923828
21 0.328125 0.902344 0.327148 0.900391 0.326660 0.900391 0.326172 0.899414 0.325684 0.899414 0.325195 0.898438 0.324707 0.898438 0.324219 0.897461 0.323242 0.897461 0.322754 0.896484 0.322266 0.896484 0.321777 0.895508 0.321289 0.895508 0.320801 0.894531 0.320312 0.894531 0.319824 0.893555 0.319336 0.893555 0.318848 0.892578 0.314453 0.892578 0.313965 0.893555 0.310547 0.893555 0.310059 0.894531 0.309570 0.894531 0.309082 0.895508 0.308105 0.895508 0.307617 0.896484 0.307129 0.896484 0.306641 0.897461 0.306152 0.897461 0.305176 0.899414 0.305176 0.900391 0.304688 0.901367 0.304199 0.901367 0.303711 0.902344 0.303711 0.903320 0.302246 0.906250 0.302246 0.907227 0.300781 0.910156 0.300293 0.910156 0.300293 0.911133 0.299316 0.913086 0.299316 0.914062 0.298828 0.915039 0.298828 0.917969 0.298340 0.918945 0.298340 0.920898 0.297852 0.921875 0.297852 0.924805 0.297363 0.925781 0.297363 0.927734 0.297852 0.928711 0.297852 0.930664 0.298340 0.931641 0.298340 0.932617 0.298828 0.933594 0.298828 0.934570 0.299316 0.935547 0.299805 0.935547 0.300293 0.936523 0.301758 0.936523 0.302246 0.937500 0.306152 0.937500 0.306641 0.938477 0.310547 0.938477 0.312988 0.933594 0.312988 0.932617 0.313477 0.931641 0.314453 0.931641 0.314941 0.932617 0.316895 0.932617 0.317383 0.933594 0.318848 0.933594 0.319336 0.934570 0.320801 0.934570 0.321289 0.933594 0.321777 0.933594 0.322266 0.932617 0.322754 0.932617 0.323242 0.931641 0.324219 0.931641 0.324707 0.930664 0.325195 0.930664 0.325684 0.929688 0.326172 0.929688 0.326660 0.928711 0.327148 0.928711 0.327637 0.927734 0.328125 0.927734 0.328613 0.926758 0.328613 0.925781 0.328125 0.924805 0.328125 0.923828 0.327637 0.922852 0.327637 0.919922 0.328125 0.918945 0.328125 0.910156 0.328613 0.909180 0.328613 0.904297 0.328125 0.903320
21 0.308594 0.803711 0.308105 0.803711 0.306641 0.800781 0.306641 0.799805 0.305664 0.797852 0.305176 0.797852 0.304688 0.796875 0.304199 0.796875 0.303711 0.795898 0.299316 0.795898 0.298828 0.796875 0.295410 0.796875 0.294922 0.797852 0.294434 0.797852 0.293945 0.798828 0.293457 0.798828 0.292969 0.799805 0.292480 0.799805 0.291992 0.800781 0.291504 0.800781 0.291016 0.801758 0.290527 0.801758 0.290039 0.802734 0.289551 0.802734 0.288574 0.804688 0.288086 0.804688 0.287598 0.805664 0.287109 0.805664 0.286133 0.807617 0.286133 0.808594 0.285645 0.809570 0.285645 0.810547 0.285156 0.811523 0.284668 0.811523 0.283203 0.814453 0.283203 0.815430 0.282715 0.816406 0.282715 0.817383 0.281738 0.819336 0.281738 0.820312 0.281250 0.821289 0.281250 0.822266 0.280762 0.823242 0.280762 0.830078 0.281250 0.831055 0.281250 0.832031 0.282715 0.834961 0.282715 0.835938 0.284180 0.838867 0.284180 0.839844 0.284668 0.840820 0.285156 0.840820 0.285645 0.841797 0.286621 0.841797 0.287109 0.842773 0.288574 0.842773 0.289062 0.843750 0.290527 0.843750 0.291016 0.844727 0.292969 0.844727 0.293457 0.845703 0.294922 0.845703 0.295410 0.846680 0.296875 0.846680 0.297363 0.845703 0.297852 0.845703 0.298340 0.844727 0.298828 0.844727 0.299316 0.843750 0.299805 0.843750 0.300293 0.842773 0.301270 0.842773 0.301758 0.841797 0.302246 0.841797 0.304688 0.836914 0.304688 0.835938 0.306152 0.833008 0.306152 0.832031 0.306641 0.831055 0.306641 0.830078 0.307129 0.829102 0.307129 0.827148 0.307617 0.826172 0.307617 0.825195 0.308105 0.824219 0.308594 0.824219 0.308594 0.822266 0.309082 0.821289 0.309082 0.819336 0.309570 0.818359 0.309570 0.806641 0.308594 0.804688
22 0.004395 0.739258 0.004395 0.740234 0.005371 0.742188 0.005371 0.744141 0.005859 0.745117 0.005859 0.747070 0.006348 0.748047 0.006348 0.749023 0.006836 0.750000 0.006836 0.750977 0.007812 0.752930 0.007812 0.753906 0.011230 0.760742 0.011719 0.760742 0.012695 0.762695 0.012695 0.763672 0.013672 0.765625 0.015625 0.761719 0.015625 0.760742 0.016113 0.759766 0.016113 0.758789 0.016602 0.757812 0.016602 0.756836 0.017578 0.754883 0.019531 0.754883 0.020020 0.755859 0.021973 0.755859 0.022949 0.753906 0.023438 0.753906 0.024902 0.750977 0.027344 0.750977 0.027832 0.750000 0.029785 0.750000 0.030273 0.749023 0.030762 0.749023 0.031250 0.748047 0.031738 0.748047 0.032227 0.747070 0.032715 0.747070 0.033203 0.746094 0.032227 0.744141 0.031738 0.744141 0.030273 0.741211 0.029297 0.741211 0.027344 0.737305 0.026367 0.737305 0.025391 0.735352 0.024902 0.735352 0.024414 0.734375 0.022949 0.734375 0.022461 0.733398 0.020996 0.733398 0.020508 0.732422 0.008301 0.732422 0.007812 0.733398 0.007324 0.733398 0.006836 0.734375 0.006348 0.734375 0.005371 0.736328 0.005371 0.737305
22 0.000000 0.681641 0.000000 0.715820 0.004395 0.715820 0.004883 0.716797 0.008789 0.716797 0.009277 0.717773 0.010254 0.717773 0.010742 0.718750 0.011719 0.718750 0.012207 0.719727 0.013184 0.719727 0.013672 0.720703 0.014648 0.720703 0.015137 0.719727 0.016113 0.719727 0.016602 0.718750 0.018066 0.718750 0.018555 0.717773 0.020020 0.717773 0.020508 0.716797 0.023926 0.716797 0.026855 0.710938 0.027344 0.710938 0.028320 0.708984 0.027344 0.707031 0.026855 0.707031 0.026367 0.706055 0.026855 0.705078 0.027344 0.705078 0.028320 0.703125 0.030762 0.703125 0.031250 0.704102 0.031738 0.704102 0.034180 0.699219 0.036133 0.699219 0.036621 0.700195 0.037109 0.700195 0.037109 0.699219 0.036621 0.698242 0.036621 0.697266 0.036133 0.696289 0.035645 0.696289 0.035156 0.695312 0.034668 0.695312 0.034180 0.694336 0.033691 0.694336 0.033203 0.693359 0.032715 0.693359 0.031738 0.691406 0.031250 0.691406 0.027344 0.683594 0.025879 0.683594 0.025391 0.682617 0.023926 0.682617 0.023438 0.681641 0.021973 0.681641 0.021484 0.680664 0.019043 0.680664 0.018555 0.679688 0.017090 0.679688 0.016602 0.678711 0.013672 0.678711 0.013184 0.679688 0.008301 0.679688 0.007812 0.680664 0.002930 0.680664 0.002441 0.681641
24 0.763672 0.800781 0.763672 0.801758 0.764160 0.802734 0.764160 0.803711 0.764648 0.804688 0.764648 0.805664 0.765137 0.806641 0.765137 0.807617 0.767090 0.811523 0.767578 0.811523 0.769043 0.814453 0.769531 0.814453 0.770020 0.815430 0.770020 0.816406 0.773926 0.824219 0.782227 0.824219 0.782715 0.823242 0.784180 0.823242 0.784668 0.822266 0.787109 0.822266 0.787598 0.821289 0.789062 0.821289 0.789551 0.820312 0.791504 0.820312 0.791992 0.819336 0.794434 0.819336 0.794922 0.818359 0.796387 0.818359 0.796875 0.817383 0.798828 0.817383 0.799316 0.816406 0.801270 0.816406 0.801758 0.815430 0.813965 0.815430 0.815430 0.812500 0.816406 0.812500 0.816895 0.811523 0.817383 0.811523 0.818359 0.809570 0.817871 0.808594 0.817871 0.807617 0.816406 0.804688 0.816406 0.803711 0.815918 0.803711 0.814453 0.800781 0.814453 0.799805 0.813965 0.798828 0.810547 0.798828 0.809570 0.796875 0.809082 0.796875 0.808594 0.795898 0.808594 0.794922 0.808105 0.794922 0.807617 0.793945 0.807617 0.792969 0.807129 0.791992 0.807129 0.789062 0.806641 0.788086 0.806641 0.786133 0.806152 0.785156 0.806152 0.784180 0.795410 0.784180 0.794434 0.782227 0.794434 0.781250 0.793457 0.779297 0.792480 0.779297 0.791016 0.777344 0.790039 0.777344 0.789551 0.776367 0.788574 0.776367 0.787109 0.773438 0.786621 0.773438 0.786133 0.774414 0.785645 0.774414 0.785645 0.782227 0.785156 0.783203 0.784668 0.783203 0.783203 0.786133 0.781738 0.783203 0.781250 0.783203 0.779785 0.780273 0.779297 0.781250 0.778809 0.781250 0.777832 0.783203 0.776855 0.783203 0.775879 0.785156 0.775391 0.785156 0.774902 0.786133 0.774414 0.786133 0.773926 0.785156 0.773438 0.785156 0.771973 0.783203 0.770996 0.783203 0.769531 0.785156 0.768555 0.785156 0.768066 0.786133 0.768066 0.787109 0.767578 0.788086 0.767578 0.789062 0.766602 0.791016 0.766602 0.791992 0.766113 0.792969 0.766113 0.793945 0.764648 0.796875 0.764648 0.797852
27 0.255371 0.662109 0.259277 0.671875 0.263184 0.672852 0.266113 0.678711 0.268555 0.688477 0.273438 0.696289 0.281738 0.704102 0.289551 0.705078 0.291992 0.708984 0.294434 0.716797 0.310547 0.726562 0.313477 0.732422 0.314941 0.738281 0.319824 0.738281 0.327637 0.755859 0.336914 0.760742 0.352051 0.775391 0.355957 0.777344 0.360352 0.786133 0.365723 0.785156 0.374023 0.777344 0.391113 0.772461 0.395020 0.768555 0.399902 0.759766 0.411133 0.756836 0.425781 0.746094 0.433594 0.736328 0.439453 0.721680 0.446777 0.717773 0.448242 0.708984 0.443848 0.697266 0.451660 0.676758 0.446777 0.658203 0.442871 0.659180 0.438965 0.655273 0.435547 0.655273 0.414062 0.634766 0.400391 0.630859 0.387695 0.616211 0.358398 0.605469 0.321777 0.606445 0.315430 0.609375 0.309082 0.616211 0.307129 0.616211 0.294922 0.625977 0.281738 0.627930 0.277344 0.632812 0.273926 0.633789 0.268555 0.638672 0.259766 0.651367 0.258789 0.651367 0.256836 0.655273
27 0.644531 0.620117 0.643555 0.619141 0.641602 0.602539 0.639648 0.597656 0.630371 0.595703 0.629883 0.594727 0.626465 0.594727 0.622559 0.592773 0.618652 0.592773 0.618164 0.591797 0.606445 0.591797 0.595703 0.598633 0.583496 0.599609 0.570312 0.609375 0.557617 0.607422 0.549316 0.611328 0.540039 0.611328 0.531250 0.616211 0.527832 0.616211 0.520996 0.620117 0.519043 0.620117 0.506836 0.632812 0.500488 0.634766 0.496582 0.642578 0.495605 0.642578 0.488770 0.651367 0.487305 0.651367 0.484863 0.654297 0.480957 0.663086 0.482422 0.666016 0.492188 0.664062 0.497070 0.660156 0.502441 0.652344 0.509766 0.651367 0.512695 0.649414 0.515625 0.650391 0.521484 0.655273 0.529297 0.657227 0.534180 0.651367 0.537109 0.650391 0.544434 0.642578 0.546387 0.641602 0.556152 0.641602 0.559570 0.637695 0.565918 0.640625 0.576660 0.639648 0.580078 0.641602 0.584961 0.636719 0.593262 0.635742 0.594727 0.637695 0.597656 0.638672 0.605957 0.645508 0.609375 0.645508 0.613281 0.641602 0.614258 0.635742 0.616211 0.632812 0.622070 0.632812 0.625488 0.630859 0.631348 0.631836 0.631836 0.632812 0.638184 0.632812 0.639648 0.630859 0.644531 0.627930
27 0.677734 0.577148 0.678223 0.580078 0.682129 0.583984 0.697754 0.589844 0.705078 0.589844 0.713867 0.597656 0.732422 0.605469 0.737305 0.613281 0.744141 0.619141 0.750977 0.632812 0.753906 0.633789 0.766113 0.645508 0.782715 0.643555 0.787598 0.650391 0.807617 0.651367 0.813477 0.646484 0.817383 0.646484 0.823242 0.650391 0.828125 0.651367 0.833984 0.657227 0.849121 0.659180 0.856445 0.666016 0.861816 0.662109 0.868652 0.669922 0.867676 0.676758 0.872559 0.683594 0.884766 0.684570 0.892578 0.666992 0.904297 0.666992 0.906738 0.661133 0.906250 0.650391 0.898926 0.641602 0.905762 0.634766 0.903809 0.628906 0.900391 0.628906 0.895508 0.621094 0.877930 0.616211 0.861816 0.607422 0.854004 0.600586 0.834473 0.598633 0.817383 0.589844 0.796875 0.586914 0.772461 0.577148 0.749023 0.574219 0.738770 0.568359 0.724121 0.568359 0.720215 0.571289 0.683105 0.568359 0.678223 0.573242
27 0.408203 0.546875 0.408203 0.550781 0.408691 0.551758 0.408691 0.553711 0.409668 0.555664 0.410156 0.555664 0.412109 0.559570 0.412598 0.559570 0.413086 0.560547 0.414062 0.560547 0.414551 0.561523 0.416992 0.561523 0.417480 0.562500 0.418945 0.562500 0.419434 0.563477 0.420410 0.563477 0.420898 0.564453 0.421875 0.564453 0.422363 0.565430 0.423340 0.565430 0.423828 0.566406 0.424805 0.566406 0.425293 0.567383 0.426758 0.567383 0.427246 0.568359 0.428223 0.568359 0.428711 0.569336 0.429688 0.569336 0.430176 0.570312 0.431152 0.570312 0.431641 0.571289 0.432617 0.571289 0.433105 0.572266 0.434570 0.572266 0.435059 0.573242 0.437500 0.573242 0.437988 0.574219 0.442383 0.574219 0.442871 0.575195 0.446777 0.575195 0.447266 0.576172 0.451172 0.576172 0.451660 0.577148 0.455566 0.577148 0.456055 0.578125 0.459961 0.578125 0.460449 0.577148 0.463867 0.577148 0.464355 0.576172 0.466309 0.576172 0.467773 0.573242 0.467773 0.568359 0.467285 0.567383 0.467285 0.559570 0.466797 0.558594 0.466797 0.549805 0.466309 0.548828 0.466309 0.544922 0.465820 0.543945 0.465820 0.542969 0.464844 0.541016 0.453613 0.541016 0.453125 0.540039 0.431152 0.540039 0.430664 0.539062 0.419434 0.539062 0.418945 0.540039 0.416992 0.540039 0.416504 0.541016 0.415039 0.541016 0.414551 0.541992 0.413086 0.541992 0.412598 0.542969 0.411621 0.542969 0.410156 0.544922 0.408691 0.544922 0.408691 0.545898
33 0.268555 0.835938 0.268066 0.834961 0.267578 0.834961 0.266602 0.833008 0.266113 0.833008 0.265625 0.832031 0.265137 0.832031 0.264160 0.830078 0.263672 0.830078 0.262695 0.828125 0.262695 0.827148 0.261719 0.825195 0.261230 0.825195 0.260254 0.823242 0.259766 0.823242 0.259277 0.824219 0.258301 0.824219 0.257812 0.825195 0.256348 0.825195 0.255859 0.826172 0.255371 0.826172 0.254883 0.827148 0.254395 0.827148 0.253906 0.828125 0.252930 0.828125 0.252441 0.829102 0.251953 0.829102 0.251465 0.830078 0.250488 0.830078 0.250000 0.831055 0.249512 0.831055 0.249023 0.832031 0.248535 0.832031 0.248047 0.833008 0.248047 0.833984 0.247559 0.834961 0.247559 0.835938 0.247070 0.836914 0.247070 0.838867 0.246582 0.839844 0.246582 0.841797 0.246094 0.842773 0.245605 0.842773 0.245605 0.843750 0.245117 0.844727 0.245117 0.846680 0.244141 0.848633 0.244141 0.850586 0.243652 0.851562 0.243652 0.853516 0.243164 0.854492 0.243164 0.855469 0.242676 0.856445 0.242676 0.857422 0.243652 0.857422 0.244141 0.858398 0.247070 0.858398 0.247559 0.859375 0.250000 0.859375 0.250488 0.860352 0.251953 0.860352 0.252441 0.859375 0.253906 0.859375 0.254395 0.858398 0.255371 0.858398 0.255859 0.857422 0.256348 0.857422 0.256836 0.856445 0.257812 0.856445 0.258301 0.855469 0.259277 0.855469 0.259766 0.854492 0.260254 0.854492 0.261230 0.852539 0.262207 0.852539 0.264160 0.848633 0.264648 0.848633 0.265137 0.847656 0.265625 0.847656 0.266602 0.845703 0.267090 0.845703 0.268066 0.843750 0.268066 0.840820 0.268555 0.839844
33 0.687988 0.788086 0.687988 0.792969 0.687500 0.793945 0.687500 0.798828 0.687988 0.799805 0.687988 0.801758 0.688477 0.802734 0.688477 0.803711 0.688965 0.804688 0.688965 0.806641 0.689453 0.807617 0.689453 0.808594 0.689941 0.809570 0.690430 0.809570 0.690918 0.810547 0.691406 0.810547 0.691895 0.811523 0.692871 0.811523 0.694336 0.814453 0.694824 0.814453 0.696289 0.817383 0.696777 0.817383 0.697266 0.818359 0.699219 0.818359 0.699707 0.819336 0.702148 0.819336 0.702637 0.820312 0.707031 0.820312 0.707520 0.819336 0.709961 0.819336 0.710449 0.818359 0.710938 0.818359 0.711426 0.817383 0.711914 0.817383 0.712402 0.816406 0.712891 0.816406 0.713379 0.815430 0.713867 0.815430 0.714355 0.814453 0.715332 0.814453 0.718262 0.808594 0.717773 0.807617 0.717285 0.807617 0.715820 0.804688 0.715820 0.803711 0.715332 0.802734 0.715332 0.801758 0.714844 0.800781 0.714844 0.799805 0.714355 0.799805 0.713867 0.798828 0.713867 0.797852 0.713379 0.796875 0.713379 0.795898 0.711914 0.792969 0.711426 0.792969 0.710449 0.791016 0.709961 0.791016 0.708984 0.789062 0.708496 0.789062 0.708008 0.788086 0.707520 0.788086 0.707031 0.787109 0.706543 0.787109 0.706055 0.786133 0.705566 0.786133 0.705078 0.785156 0.702637 0.785156 0.702148 0.784180 0.697266 0.784180 0.696777 0.783203 0.693359 0.783203 0.692871 0.784180 0.690918 0.784180 0.690430 0.785156 0.689453 0.785156
33 0.218750 0.781250 0.218262 0.780273 0.218262 0.779297 0.216797 0.776367 0.216309 0.776367 0.215332 0.774414 0.214355 0.774414 0.213867 0.773438 0.212891 0.773438 0.212402 0.772461 0.211914 0.772461 0.211426 0.771484 0.210449 0.771484 0.209961 0.770508 0.200195 0.770508 0.199707 0.771484 0.189941 0.771484 0.188965 0.773438 0.188477 0.773438 0.187012 0.776367 0.186035 0.776367 0.185059 0.778320 0.185059 0.779297 0.184570 0.780273 0.184570 0.781250 0.184082 0.782227 0.184082 0.783203 0.183594 0.784180 0.183105 0.784180 0.183105 0.785156 0.182129 0.787109 0.181641 0.787109 0.181152 0.788086 0.181152 0.789062 0.181641 0.790039 0.181641 0.792969 0.182129 0.793945 0.182129 0.795898 0.182617 0.796875 0.182617 0.798828 0.183105 0.799805 0.183105 0.802734 0.183594 0.802734 0.184082 0.803711 0.184082 0.806641 0.184570 0.807617 0.184570 0.808594 0.185059 0.808594 0.185547 0.809570 0.186035 0.809570 0.186523 0.810547 0.187012 0.810547 0.187500 0.811523 0.189453 0.811523 0.189941 0.812500 0.190430 0.812500 0.190918 0.813477 0.191895 0.813477 0.192383 0.814453 0.197266 0.814453 0.197754 0.813477 0.199219 0.813477 0.199707 0.812500 0.201172 0.812500 0.201660 0.811523 0.212891 0.811523 0.213379 0.810547 0.213867 0.810547 0.214355 0.809570 0.214844 0.809570 0.216797 0.805664 0.217285 0.805664 0.218750 0.802734 0.218750 0.794922 0.219238 0.793945 0.219238 0.785156 0.218750 0.784180
33 0.292480 0.724609 0.290527 0.728516 0.290039 0.728516 0.287598 0.733398 0.287109 0.733398 0.285156 0.737305 0.284180 0.737305 0.283203 0.739258 0.283203 0.740234 0.282227 0.742188 0.282227 0.744141 0.281738 0.745117 0.281738 0.753906 0.281250 0.754883 0.281250 0.761719 0.282227 0.763672 0.282715 0.763672 0.284668 0.767578 0.285645 0.767578 0.286621 0.769531 0.287109 0.769531 0.287598 0.770508 0.288086 0.770508 0.288574 0.771484 0.289551 0.771484 0.290039 0.772461 0.290527 0.772461 0.291016 0.773438 0.291504 0.773438 0.292480 0.775391 0.292969 0.775391 0.295410 0.780273 0.295410 0.781250 0.295898 0.782227 0.295898 0.784180 0.296387 0.785156 0.296387 0.786133 0.296875 0.787109 0.296875 0.788086 0.297363 0.789062 0.297852 0.789062 0.298340 0.790039 0.299316 0.790039 0.299805 0.789062 0.302246 0.789062 0.302734 0.788086 0.304688 0.788086 0.305176 0.787109 0.306152 0.787109 0.308105 0.783203 0.308594 0.783203 0.309082 0.782227 0.309570 0.782227 0.312988 0.775391 0.312988 0.773438 0.313477 0.772461 0.313477 0.770508 0.313965 0.769531 0.313965 0.767578 0.314453 0.766602 0.314453 0.764648 0.314941 0.763672 0.314941 0.757812 0.314453 0.756836 0.314453 0.746094 0.313965 0.745117 0.313965 0.739258 0.313477 0.738281 0.313477 0.736328 0.312988 0.735352 0.312988 0.734375 0.312500 0.733398 0.312500 0.732422 0.311523 0.730469 0.311035 0.730469 0.310059 0.728516 0.309570 0.728516 0.309082 0.727539 0.307617 0.727539 0.307129 0.726562 0.306641 0.726562 0.306152 0.725586 0.305176 0.725586 0.304688 0.724609 0.303711 0.724609 0.303223 0.723633 0.293945 0.723633 0.293457 0.724609