5 0.184570 0.697266 0.174805 0.694336 0.171875 0.691406 0.169434 0.683594 0.163574 0.687500 0.159180 0.686523 0.153809 0.672852 0.152344 0.664062 0.147461 0.660156 0.133789 0.657227 0.123535 0.666992 0.114746 0.682617 0.099121 0.692383 0.091797 0.705078 0.083984 0.713867 0.067871 0.719727 0.055176 0.720703 0.052246 0.732422 0.044434 0.741211 0.040527 0.741211 0.032715 0.747070 0.026367 0.748047 0.021484 0.753906 0.013672 0.755859 0.000000 0.763672 0.000000 0.999023 0.023926 0.999023 0.025879 0.994141 0.039551 0.990234 0.048828 0.974609 0.053223 0.972656 0.056641 0.959961 0.061523 0.956055 0.092285 0.906250 0.108887 0.887695 0.110840 0.879883 0.118164 0.867188 0.121094 0.866211 0.122559 0.863281 0.125488 0.865234 0.129395 0.864258 0.138672 0.854492 0.141602 0.853516 0.147461 0.845703 0.152344 0.843750 0.164062 0.822266 0.177246 0.811523 0.186523 0.791992 0.191895 0.772461 0.191406 0.761719 0.188477 0.756836 0.186523 0.728516 0.184082 0.718750 0.185059 0.709961 0.182617 0.704102
8 0.491211 0.726562 0.491211 0.727539 0.490723 0.728516 0.490723 0.730469 0.490234 0.731445 0.490234 0.734375 0.489746 0.735352 0.489746 0.737305 0.489258 0.738281 0.489258 0.740234 0.488770 0.741211 0.488770 0.743164 0.488281 0.744141 0.487793 0.744141 0.487793 0.746094 0.487305 0.747070 0.487305 0.749023 0.487793 0.750000 0.487793 0.752930 0.488281 0.752930 0.488770 0.753906 0.488770 0.756836 0.489258 0.757812 0.489258 0.759766 0.489746 0.760742 0.489746 0.762695 0.490234 0.763672 0.490234 0.766602 0.490723 0.767578 0.490723 0.770508 0.491211 0.771484 0.491211 0.772461 0.491699 0.773438 0.491699 0.774414 0.492676 0.776367 0.492676 0.777344 0.493164 0.778320 0.493164 0.779297 0.493652 0.780273 0.493652 0.781250 0.494629 0.783203 0.494629 0.784180 0.495117 0.785156 0.495117 0.786133 0.495605 0.787109 0.495605 0.788086 0.496094 0.788086 0.496582 0.789062 0.496582 0.790039 0.497070 0.791016 0.500000 0.791016 0.500000 0.786133 0.499512 0.785156 0.499512 0.775391 0.499023 0.774414 0.499023 0.763672 0.498535 0.762695 0.498535 0.752930 0.498047 0.751953 0.498047 0.740234 0.497559 0.739258 0.497559 0.733398 0.497070 0.732422 0.496582 0.732422 0.496094 0.731445 0.495117 0.731445 0.494141 0.729492 0.493652 0.729492 0.493164 0.728516 0.492676 0.728516 0.492188 0.727539 0.491699 0.727539
8 0.719727 0.684570 0.719727 0.685547 0.720703 0.687500 0.720703 0.688477 0.721191 0.689453 0.721191 0.690430 0.721680 0.691406 0.721680 0.692383 0.722168 0.693359 0.722168 0.694336 0.722656 0.694336 0.723145 0.695312 0.723633 0.695312 0.724121 0.696289 0.724609 0.696289 0.725098 0.697266 0.725586 0.697266 0.726074 0.698242 0.726562 0.698242 0.727051 0.699219 0.727539 0.699219 0.728027 0.700195 0.728027 0.697266 0.727539 0.696289 0.727539 0.693359 0.727051 0.692383 0.726562 0.692383 0.725586 0.690430 0.725098 0.690430 0.724121 0.688477 0.723633 0.688477 0.723145 0.687500 0.721680 0.687500 0.720703 0.685547 0.720215 0.685547
8 0.767090 0.665039 0.767090 0.666016 0.767578 0.666992 0.767578 0.668945 0.768066 0.669922 0.768066 0.670898 0.770508 0.670898 0.770996 0.671875 0.774414 0.671875 0.774902 0.672852 0.776367 0.672852 0.776855 0.671875 0.777832 0.671875 0.778320 0.670898 0.778809 0.670898 0.779297 0.669922 0.778809 0.669922 0.777832 0.667969 0.775879 0.667969 0.775391 0.666992 0.772949 0.666992 0.772461 0.666016 0.769043 0.666016 0.768555 0.665039
8 0.703613 0.640625 0.705078 0.643555 0.705566 0.643555 0.706543 0.645508 0.707031 0.645508 0.707520 0.646484 0.713867 0.646484 0.711914 0.642578 0.710449 0.642578 0.709961 0.641602 0.706055 0.641602 0.705566 0.640625
8 0.683105 0.599609 0.683594 0.599609 0.684082 0.600586 0.684570 0.600586 0.685547 0.602539 0.686035 0.602539 0.687500 0.605469 0.687500 0.606445 0.688477 0.608398 0.691406 0.608398 0.691406 0.604492 0.690918 0.604492 0.690430 0.603516 0.690430 0.602539 0.689941 0.601562 0.689941 0.600586 0.689453 0.599609
8 0.720215 0.581055 0.720215 0.584961 0.720703 0.585938 0.720703 0.588867 0.721191 0.588867 0.721680 0.587891 0.722656 0.587891 0.723145 0.586914 0.723633 0.586914 0.724121 0.585938 0.724121 0.583984 0.724609 0.583008 0.724609 0.581055
8 0.442383 0.555664 0.442383 0.556641 0.442871 0.557617 0.442871 0.558594 0.443359 0.559570 0.443848 0.559570 0.444336 0.560547 0.445312 0.560547 0.445801 0.561523 0.449707 0.561523 0.449707 0.558594 0.449219 0.557617 0.448242 0.557617 0.447266 0.555664 0.446777 0.555664 0.446289 0.554688 0.445801 0.554688 0.445312 0.553711 0.443359 0.553711
8 0.417480 0.514648 0.417480 0.515625 0.416992 0.516602 0.416992 0.518555 0.419922 0.518555 0.420898 0.520508 0.421387 0.520508 0.421875 0.521484 0.421387 0.522461 0.420898 0.522461 0.420898 0.524414 0.420410 0.525391 0.418457 0.525391 0.419922 0.525391 0.420410 0.526367 0.420410 0.527344 0.420898 0.528320 0.420898 0.531250 0.421387 0.532227 0.421387 0.535156 0.421875 0.536133 0.421875 0.538086 0.422363 0.538086 0.422852 0.539062 0.422852 0.536133 0.423340 0.535156 0.423340 0.530273 0.423828 0.529297 0.423828 0.527344 0.424316 0.526367 0.424805 0.526367 0.424316 0.525391 0.424316 0.524414 0.423828 0.523438 0.424316 0.522461 0.425781 0.522461 0.426270 0.521484 0.426758 0.521484 0.427246 0.520508 0.426758 0.519531 0.426758 0.518555 0.425781 0.516602 0.422852 0.516602 0.422363 0.515625 0.420898 0.515625 0.420410 0.516602 0.419922 0.516602 0.419434 0.515625 0.418945 0.515625 0.418457 0.514648
8 0.416504 0.511719 0.418945 0.511719 0.419434 0.512695 0.423340 0.512695 0.423828 0.511719 0.426270 0.511719 0.426758 0.510742 0.427246 0.510742 0.427734 0.509766 0.427734 0.508789 0.426758 0.506836 0.426758 0.505859 0.421387 0.505859 0.420410 0.507812 0.419922 0.507812 0.419434 0.508789 0.418945 0.508789 0.418457 0.509766 0.417480 0.509766
8 0.361328 0.446289 0.361816 0.446289 0.362305 0.447266 0.363770 0.447266 0.364258 0.446289 0.364746 0.446289 0.365234 0.445312 0.365723 0.445312 0.366211 0.444336 0.366699 0.444336 0.367188 0.443359 0.367676 0.443359 0.367676 0.442383 0.367188 0.441406 0.367188 0.440430 0.365723 0.440430 0.365234 0.439453 0.363770 0.439453 0.363281 0.440430 0.362793 0.440430 0.362305 0.441406 0.362305 0.442383 0.361816 0.443359 0.361816 0.444336 0.361328 0.445312
8 0.398438 0.431641 0.397461 0.431641 0.396973 0.430664 0.395508 0.430664 0.394531 0.432617 0.394043 0.432617 0.393555 0.433594 0.393066 0.433594 0.392090 0.435547 0.392090 0.444336 0.392578 0.444336 0.393066 0.443359 0.393555 0.443359 0.394043 0.442383 0.395020 0.442383 0.395508 0.441406 0.395996 0.441406 0.396484 0.440430 0.396973 0.440430 0.397949 0.438477 0.397949 0.437500 0.398926 0.435547 0.398926 0.433594 0.398438 0.432617
8 0.145508 0.412109 0.145020 0.412109 0.144531 0.413086 0.143555 0.413086 0.143066 0.414062 0.142090 0.414062 0.141602 0.415039 0.141113 0.415039 0.138672 0.419922 0.137695 0.419922 0.136719 0.421875 0.136230 0.421875 0.134277 0.425781 0.134277 0.428711 0.134766 0.429688 0.134766 0.431641 0.135254 0.431641 0.135742 0.432617 0.137207 0.432617 0.137695 0.433594 0.138184 0.433594 0.139648 0.430664 0.140137 0.430664 0.142578 0.425781 0.142578 0.424805 0.144043 0.421875 0.144531 0.421875 0.144531 0.420898 0.145508 0.418945
8 0.395996 0.414062 0.396484 0.415039 0.396973 0.415039 0.397949 0.416992 0.398438 0.416992 0.399414 0.418945 0.404785 0.418945 0.405273 0.417969 0.405762 0.417969 0.405762 0.413086 0.404297 0.410156 0.403320 0.410156 0.402832 0.409180 0.400879 0.409180 0.400391 0.410156 0.399902 0.410156 0.399414 0.411133 0.398926 0.411133 0.398438 0.412109 0.397949 0.412109 0.397461 0.413086 0.396973 0.413086 0.396484 0.414062
8 0.390625 0.404297 0.390137 0.404297 0.389648 0.403320 0.388672 0.403320 0.388184 0.404297 0.387695 0.404297 0.387207 0.405273 0.386230 0.405273 0.386230 0.406250 0.386719 0.406250 0.387207 0.407227 0.387207 0.409180 0.387695 0.410156 0.387695 0.411133 0.388672 0.411133 0.389160 0.410156 0.390137 0.410156 0.391113 0.408203 0.391113 0.406250 0.390625 0.405273
8 0.346680 0.394531 0.346680 0.396484 0.346191 0.397461 0.346191 0.400391 0.350098 0.400391 0.350586 0.399414 0.351074 0.399414 0.351562 0.400391 0.351074 0.401367 0.351074 0.402344 0.352539 0.405273 0.354492 0.405273 0.354980 0.404297 0.355957 0.404297 0.356445 0.403320 0.356445 0.400391 0.351562 0.400391 0.351074 0.399414 0.353027 0.395508 0.352539 0.394531 0.352051 0.394531 0.351562 0.393555 0.349609 0.393555 0.349121 0.394531
8 0.397949 0.387695 0.397949 0.388672 0.398438 0.389648 0.398438 0.390625 0.398926 0.391602 0.398926 0.392578 0.399414 0.393555 0.399414 0.394531 0.399902 0.395508 0.399902 0.396484 0.400391 0.397461 0.400391 0.398438 0.400879 0.399414 0.400879 0.400391 0.401367 0.400391 0.401855 0.399414 0.402832 0.399414 0.402832 0.396484 0.403320 0.395508 0.403320 0.391602 0.402344 0.389648 0.401367 0.389648 0.400391 0.387695
8 0.414062 0.383789 0.409180 0.383789 0.405273 0.391602 0.406250 0.391602 0.406738 0.390625 0.408203 0.390625 0.408691 0.389648 0.412109 0.389648 0.413086 0.387695 0.413086 0.386719 0.414062 0.384766
8 0.352539 0.384766 0.352051 0.383789 0.351074 0.383789 0.350586 0.382812 0.350098 0.383789 0.348633 0.383789 0.348145 0.384766 0.347168 0.384766 0.346680 0.385742 0.346680 0.388672 0.347168 0.389648 0.347168 0.392578 0.347656 0.392578 0.348633 0.390625 0.349121 0.390625 0.351074 0.386719 0.351562 0.386719
8 0.328613 0.372070 0.328613 0.373047 0.330566 0.376953 0.331055 0.376953 0.331543 0.377930 0.332031 0.377930 0.333984 0.381836 0.334473 0.380859 0.334961 0.380859 0.335449 0.379883 0.335938 0.379883 0.336426 0.378906 0.336914 0.378906 0.337402 0.377930 0.337891 0.377930 0.338379 0.378906 0.338867 0.378906 0.339355 0.379883 0.340332 0.379883 0.340820 0.380859 0.341309 0.380859 0.341797 0.381836 0.342285 0.381836 0.342285 0.380859 0.342773 0.379883 0.342773 0.378906 0.343262 0.377930 0.343262 0.376953 0.342773 0.375977 0.342285 0.375977 0.341797 0.375000 0.341309 0.375000 0.340820 0.374023 0.340332 0.374023 0.339844 0.373047 0.338867 0.373047 0.336914 0.369141 0.334961 0.369141 0.334473 0.370117 0.329102 0.370117 0.329102 0.371094
8 0.389648 0.367188 0.390137 0.368164 0.390137 0.369141 0.393066 0.375000 0.393555 0.375000 0.394043 0.375977 0.395020 0.375977 0.395508 0.376953 0.395996 0.376953 0.396484 0.377930 0.399902 0.377930 0.399414 0.376953 0.399414 0.375977 0.398926 0.375000 0.398926 0.374023 0.396484 0.369141 0.395996 0.369141 0.394531 0.366211 0.391113 0.366211 0.390625 0.367188
8 0.354980 0.351562 0.354980 0.356445 0.355469 0.356445 0.356445 0.358398 0.357422 0.358398 0.357910 0.359375 0.359375 0.359375 0.359863 0.360352 0.361328 0.360352 0.361816 0.359375 0.363281 0.359375 0.363770 0.358398 0.363770 0.357422 0.364746 0.355469 0.364746 0.354492 0.365234 0.353516 0.365234 0.351562 0.364746 0.350586 0.364746 0.349609 0.364258 0.348633 0.359863 0.348633 0.359375 0.349609 0.358887 0.349609 0.358398 0.350586 0.356934 0.350586 0.356445 0.351562
8 0.292480 0.328125 0.292480 0.332031 0.292969 0.332031 0.293457 0.333008 0.293457 0.336914 0.295410 0.336914 0.295898 0.335938 0.297363 0.335938 0.299316 0.332031 0.298340 0.330078 0.297852 0.330078 0.296875 0.328125
8 0.336426 0.330078 0.336426 0.333008 0.336914 0.333008 0.337402 0.333984 0.337891 0.333984 0.338379 0.334961 0.345703 0.334961 0.345703 0.331055 0.345215 0.330078 0.345215 0.329102 0.343750 0.326172 0.343262 0.326172 0.342773 0.325195 0.341309 0.325195 0.340820 0.326172 0.340332 0.326172 0.339844 0.327148 0.339355 0.327148 0.338867 0.328125 0.338379 0.328125 0.337402 0.330078
9 0.420898 0.966797 0.421387 0.976562 0.421875 0.977539 0.421875 0.980469 0.422852 0.984375 0.425293 0.990234 0.427246 0.991211 0.429688 0.996094 0.429688 0.999023 0.502930 0.999023 0.502930 0.996094 0.504883 0.994141 0.506836 0.994141 0.508301 0.996094 0.508301 0.999023 0.509766 0.999023 0.509766 0.994141 0.511230 0.990234 0.512207 0.990234 0.509766 0.984375 0.509766 0.977539 0.510742 0.975586 0.512695 0.974609 0.509277 0.974609 0.506836 0.968750 0.500977 0.968750 0.498047 0.965820 0.497070 0.963867 0.495117 0.962891 0.493652 0.960938 0.490234 0.960938 0.488281 0.965820 0.484863 0.969727 0.481445 0.969727 0.480469 0.967773 0.479492 0.967773 0.476074 0.961914 0.467285 0.961914 0.466309 0.958008 0.464844 0.955078 0.463379 0.955078 0.458984 0.947266 0.460449 0.942383 0.459961 0.938477 0.458984 0.936523 0.455078 0.936523 0.454102 0.934570 0.450684 0.919922 0.442871 0.919922 0.442383 0.918945 0.439453 0.918945 0.435547 0.914062 0.434570 0.918945 0.433594 0.920898 0.433105 0.920898 0.429688 0.935547 0.428223 0.939453 0.428223 0.941406 0.426270 0.949219 0.425293 0.950195
9 0.485352 0.894531 0.480469 0.904297 0.479980 0.904297 0.478027 0.908203 0.478027 0.914062 0.477539 0.915039 0.477539 0.919922 0.477051 0.920898 0.477051 0.921875 0.476562 0.922852 0.476562 0.923828 0.476074 0.924805 0.476074 0.925781 0.475586 0.926758 0.478027 0.931641 0.478027 0.932617 0.479980 0.936523 0.481934 0.936523 0.482422 0.937500 0.483887 0.937500 0.484375 0.938477 0.484863 0.938477 0.485840 0.940430 0.485840 0.941406 0.486816 0.943359 0.489746 0.943359 0.490234 0.942383 0.494629 0.942383 0.495117 0.941406 0.497559 0.941406 0.498047 0.940430 0.498047 0.939453 0.500000 0.935547 0.500977 0.935547 0.501465 0.934570 0.501953 0.934570 0.501953 0.927734 0.501465 0.926758 0.501465 0.925781 0.500977 0.924805 0.500977 0.923828 0.500488 0.922852 0.500488 0.921875 0.500000 0.920898 0.500000 0.919922 0.499023 0.917969 0.499023 0.916016 0.498535 0.915039 0.498535 0.910156 0.498047 0.909180 0.498047 0.907227 0.497559 0.906250 0.497559 0.905273 0.496582 0.903320 0.496582 0.902344 0.496094 0.901367 0.495605 0.901367 0.494629 0.899414 0.494141 0.899414 0.493652 0.898438 0.492188 0.898438 0.491699 0.897461 0.490723 0.897461 0.490234 0.896484 0.488770 0.896484 0.488281 0.895508 0.486328 0.895508 0.485840 0.894531
9 0.788086 0.886719 0.787109 0.886719 0.786621 0.885742 0.784668 0.885742 0.784180 0.884766 0.782715 0.884766 0.782227 0.883789 0.779297 0.883789 0.777344 0.880859 0.776367 0.880859 0.773438 0.876953 0.772461 0.876953 0.771973 0.875977 0.769043 0.875977 0.768555 0.875000 0.766113 0.875000 0.765625 0.874023 0.762695 0.874023 0.762207 0.875000 0.759277 0.875000 0.758789 0.875977 0.756348 0.875977 0.755859 0.876953 0.752930 0.876953 0.752441 0.877930 0.750977 0.877930 0.748047 0.883789 0.748047 0.885742 0.747559 0.886719 0.747559 0.893555 0.747070 0.894531 0.747070 0.900391 0.746582 0.901367 0.746582 0.905273 0.747070 0.906250 0.747070 0.907227 0.748535 0.910156 0.748535 0.911133 0.749512 0.913086 0.749512 0.914062 0.750488 0.916016 0.750488 0.916992 0.752441 0.920898 0.752441 0.921875 0.752930 0.922852 0.752930 0.924805 0.753418 0.925781 0.753418 0.926758 0.753906 0.926758 0.754395 0.927734 0.754395 0.929688 0.754883 0.930664 0.754883 0.940430 0.754395 0.941406 0.754395 0.942383 0.753906 0.943359 0.753418 0.943359 0.753418 0.944336 0.752441 0.946289 0.751953 0.949219 0.750488 0.953125 0.750488 0.955078 0.757324 0.967773 0.757324 0.973633 0.759277 0.977539 0.763672 0.977539 0.763672 0.974609 0.764160 0.973633 0.764160 0.969727 0.764648 0.968750 0.764648 0.963867 0.765137 0.962891 0.765137 0.958008 0.765625 0.957031 0.765625 0.954102 0.767090 0.949219 0.767090 0.946289 0.766602 0.945312 0.766602 0.942383 0.766113 0.941406 0.766113 0.939453 0.767578 0.936523 0.769531 0.936523 0.770020 0.935547 0.771973 0.935547 0.772461 0.936523 0.774902 0.936523 0.775879 0.938477 0.777344 0.939453 0.779297 0.943359 0.779785 0.943359 0.781738 0.947266 0.782227 0.947266 0.784668 0.952148 0.785645 0.952148 0.786621 0.954102 0.791016 0.954102 0.791992 0.952148 0.792969 0.952148 0.795898 0.947266 0.795898 0.939453 0.795410 0.938477 0.795410 0.929688 0.795898 0.928711 0.795898 0.925781 0.796387 0.924805 0.796387 0.921875 0.795410 0.918945 0.795410 0.916016 0.794922 0.915039 0.794922 0.911133 0.795410 0.910156 0.795410 0.903320 0.795898 0.902344 0.795898 0.899414 0.794434 0.896484 0.793945 0.896484 0.792969 0.894531 0.792480 0.894531 0.790039 0.889648 0.789551 0.889648
9 0.228027 0.684570 0.227539 0.684570 0.227051 0.683594 0.225586 0.683594 0.225098 0.682617 0.223633 0.682617 0.223145 0.681641 0.221191 0.681641 0.220703 0.680664 0.219727 0.680664 0.219238 0.679688 0.217773 0.679688 0.217285 0.678711 0.215820 0.678711 0.215332 0.677734 0.213379 0.677734 0.212891 0.676758 0.204590 0.676758 0.203125 0.679688 0.203125 0.680664 0.202148 0.682617 0.200684 0.682617 0.200195 0.683594 0.196777 0.683594 0.196289 0.684570 0.193359 0.684570 0.192871 0.685547 0.190918 0.685547 0.189453 0.688477 0.189453 0.689453 0.188965 0.690430 0.188965 0.696289 0.188477 0.697266 0.188477 0.704102 0.187500 0.706055 0.187500 0.707031 0.187012 0.708008 0.187012 0.711914 0.187500 0.712891 0.187500 0.719727 0.187988 0.720703 0.187988 0.722656 0.188477 0.723633 0.188477 0.724609 0.189941 0.727539 0.189941 0.728516 0.190918 0.730469 0.191406 0.730469 0.191895 0.731445 0.191895 0.732422 0.192871 0.734375 0.194824 0.734375 0.195312 0.735352 0.196777 0.735352 0.197754 0.733398 0.197754 0.732422 0.198730 0.730469 0.199707 0.730469 0.200195 0.729492 0.200684 0.729492 0.201172 0.728516 0.201660 0.728516 0.202148 0.727539 0.203125 0.727539 0.203613 0.726562 0.204102 0.726562 0.204590 0.725586 0.205566 0.725586 0.206055 0.724609 0.207031 0.724609 0.207520 0.723633 0.208008 0.723633 0.208496 0.722656 0.209473 0.722656 0.213379 0.714844 0.213379 0.713867 0.214355 0.711914 0.214844 0.711914 0.218750 0.704102 0.219238 0.704102 0.222168 0.698242 0.222656 0.698242 0.222656 0.697266 0.226562 0.689453 0.226562 0.686523 0.227051 0.685547 0.227539 0.685547
9 0.592773 0.710938 0.590332 0.727539 0.590820 0.749023 0.592285 0.757812 0.597168 0.769531 0.597656 0.769531 0.608398 0.791992 0.608887 0.793945 0.607422 0.797852 0.608398 0.809570 0.615234 0.820312 0.622070 0.826172 0.624512 0.831055 0.625000 0.837891 0.628418 0.843750 0.629883 0.844727 0.633789 0.850586 0.642578 0.852539 0.649414 0.847656 0.654297 0.841797 0.657715 0.843750 0.661133 0.839844 0.673340 0.842773 0.677734 0.836914 0.681641 0.827148 0.683594 0.824219 0.686523 0.815430 0.686035 0.805664 0.689453 0.797852 0.690430 0.781250 0.685547 0.774414 0.684570 0.765625 0.682129 0.759766 0.682129 0.758789 0.683594 0.756836 0.683594 0.753906 0.682617 0.752930 0.682129 0.744141 0.682617 0.742188 0.684570 0.739258 0.679688 0.731445 0.681641 0.729492 0.682617 0.724609 0.681152 0.720703 0.681152 0.718750 0.676270 0.698242 0.671875 0.694336 0.670410 0.690430 0.666504 0.683594 0.659668 0.680664 0.657227 0.676758 0.654297 0.687500 0.652344 0.682617 0.650391 0.679688 0.646973 0.669922 0.643066 0.666016 0.638184 0.666016 0.636719 0.669922 0.635742 0.669922 0.633789 0.674805 0.631836 0.676758 0.618652 0.676758 0.615234 0.685547 0.612793 0.688477 0.610840 0.694336 0.605469 0.706055 0.603516 0.708008 0.595215 0.706055
9 0.373535 0.669922 0.377930 0.684570 0.397461 0.720703 0.406250 0.748047 0.407715 0.767578 0.423828 0.751953 0.427246 0.728516 0.426270 0.702148 0.430664 0.677734 0.428711 0.696289 0.430176 0.775391 0.446289 0.829102 0.445312 0.844727 0.437988 0.864258 0.440430 0.884766 0.438965 0.916016 0.444336 0.912109 0.446777 0.901367 0.450684 0.909180 0.458496 0.906250 0.466797 0.861328 0.490234 0.843750 0.485840 0.835938 0.493652 0.819336 0.498047 0.822266 0.499023 0.844727 0.502930 0.855469 0.515137 0.859375 0.516602 0.878906 0.520996 0.878906 0.520508 0.856445 0.524414 0.841797 0.530273 0.839844 0.532715 0.848633 0.529785 0.857422 0.529297 0.876953 0.516113 0.886719 0.511230 0.904297 0.512695 0.929688 0.509766 0.948242 0.510742 0.968750 0.516113 0.979492 0.514160 0.999023 0.546875 0.999023 0.547363 0.969727 0.559082 0.972656 0.563965 0.964844 0.567383 0.968750 0.563477 0.973633 0.563965 0.980469 0.576172 0.999023 0.578125 0.949219 0.586914 0.937500 0.599609 0.946289 0.607422 0.970703 0.609375 0.947266 0.615234 0.945312 0.617188 0.956055 0.629395 0.964844 0.631836 0.975586 0.645508 0.999023 0.655762 0.999023 0.657715 0.981445 0.659668 0.988281 0.671875 0.994141 0.673340 0.999023 0.685547 0.999023 0.696289 0.988281 0.687500 0.982422 0.688477 0.973633 0.695801 0.966797 0.693848 0.958008 0.687988 0.953125 0.684570 0.931641 0.672852 0.923828 0.667969 0.914062 0.645508 0.895508 0.639648 0.885742 0.629883 0.880859 0.613281 0.857422 0.586914 0.850586 0.584473 0.835938 0.563965 0.836914 0.560059 0.828125 0.546875 0.834961 0.537598 0.848633 0.540527 0.835938 0.532227 0.829102 0.538086 0.827148 0.541016 0.820312 0.544922 0.822266 0.546875 0.815430 0.544434 0.804688 0.532715 0.800781 0.537598 0.795898 0.537598 0.788086 0.540527 0.784180 0.544434 0.791992 0.553223 0.788086 0.546875 0.780273 0.553711 0.775391 0.553711 0.766602 0.547852 0.765625 0.538574 0.752930 0.539551 0.735352 0.517578 0.741211 0.516602 0.726562 0.544434 0.718750 0.552734 0.724609 0.554688 0.716797 0.559570 0.715820 0.565918 0.754883 0.572754 0.756836 0.576172 0.751953 0.567871 0.746094 0.572266 0.736328 0.576660 0.735352 0.577148 0.710938 0.565430 0.698242 0.561523 0.698242 0.560059 0.706055 0.560059 0.698242 0.554199 0.695312 0.546387 0.697266 0.544922 0.708984 0.539062 0.671875 0.524414 0.664062 0.513672 0.650391 0.515137 0.632812 0.511719 0.611328 0.503906 0.594727 0.482910 0.575195 0.469238 0.578125 0.446289 0.573242 0.438965 0.579102 0.432617 0.572266 0.423828 0.573242 0.418945 0.578125 0.421875 0.583008 0.421875 0.593750 0.416016 0.608398 0.414551 0.632812 0.420410 0.640625 0.424805 0.662109 0.429199 0.669922 0.416992 0.650391 0.410156 0.625977 0.404297 0.619141 0.388184 0.632812 0.385254 0.640625 0.387695 0.648438 0.386230 0.655273
9 0.525391 0.590820 0.525391 0.593750 0.526855 0.596680 0.526855 0.597656 0.527832 0.597656 0.528809 0.599609 0.529785 0.599609 0.531250 0.597656 0.531250 0.595703 0.531738 0.594727 0.531738 0.591797 0.532715 0.589844 0.533691 0.591797 0.533691 0.601562 0.534180 0.602539 0.534180 0.613281 0.535156 0.614258 0.538086 0.620117 0.538574 0.628906 0.535645 0.633789 0.534180 0.633789 0.531250 0.638672 0.531250 0.640625 0.530762 0.641602 0.530762 0.646484 0.531738 0.650391 0.532715 0.650391 0.533691 0.652344 0.535156 0.653320 0.538086 0.658203 0.538574 0.661133 0.539551 0.663086 0.540527 0.666992 0.545410 0.668945 0.546875 0.666992 0.547852 0.666992 0.549316 0.665039 0.550781 0.665039 0.552246 0.663086 0.553711 0.663086 0.554199 0.662109 0.556152 0.662109 0.556641 0.661133 0.558594 0.661133 0.559082 0.660156 0.561035 0.660156 0.561523 0.659180 0.562500 0.659180 0.564453 0.657227 0.565430 0.655273 0.566406 0.655273 0.567871 0.653320 0.568848 0.653320 0.569336 0.654297 0.571289 0.654297 0.571777 0.655273 0.574219 0.656250 0.579102 0.662109 0.583496 0.662109 0.584473 0.664062 0.584961 0.667969 0.585938 0.669922 0.587891 0.671875 0.589844 0.671875 0.590332 0.670898 0.591797 0.670898 0.595215 0.665039 0.595215 0.662109 0.595703 0.661133 0.595703 0.654297 0.596191 0.653320 0.596191 0.647461 0.596680 0.646484 0.596680 0.634766 0.596191 0.633789 0.596191 0.625977 0.594238 0.621094 0.593262 0.617188 0.591797 0.615234 0.591797 0.614258 0.590820 0.612305 0.589844 0.608398 0.589355 0.608398 0.584961 0.598633 0.583496 0.597656 0.579590 0.590820 0.577637 0.588867 0.576660 0.588867 0.574219 0.585938 0.572754 0.585938 0.571289 0.583984 0.570312 0.583984 0.568359 0.582031 0.567383 0.580078 0.564941 0.578125 0.562988 0.574219 0.562012 0.574219 0.561523 0.573242 0.560059 0.573242 0.559570 0.572266 0.557617 0.572266 0.557129 0.571289 0.555176 0.571289 0.554688 0.570312 0.553223 0.570312 0.552734 0.569336 0.551270 0.569336 0.550781 0.568359 0.549316 0.568359 0.543457 0.575195 0.542480 0.575195 0.541992 0.576172 0.540527 0.576172 0.540039 0.577148 0.539062 0.577148 0.537109 0.579102 0.533691 0.580078 0.532715 0.583008 0.529297 0.584961 0.527832 0.587891 0.526855 0.587891
11 0.756348 0.987305 0.756348 0.999023 0.865234 0.999023 0.865234 0.993164 0.863770 0.989258 0.863281 0.985352 0.862305 0.984375 0.861816 0.980469 0.860352 0.975586 0.860352 0.973633 0.859375 0.971680 0.857422 0.961914 0.855957 0.958984 0.855957 0.958008 0.853516 0.954102 0.853027 0.950195 0.851562 0.953125 0.851562 0.954102 0.850098 0.956055 0.841309 0.956055 0.840820 0.957031 0.830566 0.957031 0.829102 0.955078 0.827148 0.955078 0.824219 0.952148 0.822266 0.952148 0.819824 0.954102 0.813965 0.953125 0.812988 0.955078 0.812500 0.958008 0.809570 0.961914 0.803711 0.952148 0.803223 0.947266 0.801270 0.945312 0.800293 0.945312 0.798828 0.943359 0.797852 0.944336 0.795898 0.953125 0.794922 0.955078 0.791016 0.955078 0.790527 0.956055 0.788086 0.956055 0.787598 0.957031 0.784668 0.957031 0.784180 0.958008 0.782715 0.958008 0.780273 0.951172 0.778809 0.945312 0.777832 0.945312 0.777344 0.944336 0.774902 0.944336 0.774414 0.943359 0.773438 0.943359 0.771484 0.940430 0.770508 0.944336 0.769043 0.946289 0.766602 0.955078 0.766602 0.959961 0.766113 0.960938 0.766113 0.964844 0.765625 0.965820 0.765625 0.969727 0.765137 0.970703 0.765137 0.974609 0.763672 0.978516 0.762695 0.978516 0.762207 0.979492 0.761230 0.979492 0.760742 0.980469 0.757324 0.982422
11 0.468750 0.860352 0.467773 0.866211 0.467285 0.874023 0.466797 0.875000 0.466309 0.882812 0.462891 0.890625 0.461914 0.895508 0.461914 0.897461 0.462891 0.900391 0.463379 0.900391 0.464355 0.903320 0.465820 0.905273 0.463379 0.909180 0.461914 0.913086 0.460938 0.917969 0.462891 0.925781 0.462402 0.938477 0.463867 0.947266 0.469238 0.952148 0.471191 0.958008 0.478027 0.959961 0.481934 0.966797 0.485840 0.964844 0.491699 0.954102 0.490723 0.947266 0.485352 0.947266 0.480957 0.942383 0.479004 0.941406 0.477539 0.938477 0.477051 0.933594 0.473633 0.926758 0.475586 0.923828 0.477051 0.919922 0.477051 0.911133 0.475586 0.906250 0.476562 0.902344 0.478027 0.900391 0.479980 0.895508 0.486816 0.892578 0.487305 0.893555 0.491211 0.894531 0.495605 0.900391 0.497559 0.901367 0.498535 0.903320 0.499023 0.914062 0.500977 0.919922 0.503418 0.931641 0.504395 0.932617 0.501953 0.939453 0.497070 0.948242 0.496582 0.960938 0.500488 0.965820 0.508301 0.962891 0.508789 0.957031 0.506348 0.947266 0.506348 0.940430 0.506836 0.939453 0.506836 0.932617 0.508789 0.924805 0.508789 0.921875 0.508301 0.919922 0.507324 0.919922 0.504395 0.916016 0.503906 0.913086 0.504395 0.912109 0.504883 0.904297 0.512207 0.891602 0.512207 0.884766 0.510742 0.883789 0.507812 0.877930 0.505859 0.867188 0.503418 0.864258 0.501465 0.860352 0.498535 0.859375 0.492676 0.848633 0.491211 0.848633 0.490723 0.847656 0.483398 0.849609 0.481445 0.853516 0.479980 0.854492 0.478516 0.857422 0.477539 0.861328 0.474609 0.859375
11 0.423340 0.763672 0.420410 0.768555 0.415039 0.770508 0.411133 0.776367 0.409668 0.776367 0.407715 0.779297 0.408691 0.795898 0.409180 0.796875 0.409180 0.802734 0.409668 0.803711 0.408691 0.822266 0.405762 0.836914 0.402832 0.845703 0.399902 0.850586 0.396973 0.860352 0.395508 0.863281 0.393066 0.866211 0.392090 0.866211 0.387695 0.872070 0.386230 0.872070 0.372070 0.883789 0.368652 0.884766 0.369629 0.901367 0.367676 0.914062 0.366699 0.928711 0.364746 0.937500 0.366211 0.972656 0.364746 0.981445 0.359375 0.992188 0.358398 0.996094 0.358398 0.999023 0.416504 0.999023 0.416992 0.996094 0.417969 0.995117 0.417969 0.993164 0.418945 0.990234 0.418945 0.952148 0.422363 0.938477 0.426758 0.930664 0.431641 0.917969 0.432617 0.912109 0.433594 0.911133 0.434570 0.907227 0.434570 0.898438 0.433594 0.894531 0.432617 0.893555 0.430664 0.885742 0.432617 0.873047 0.433594 0.872070 0.433594 0.861328 0.432617 0.860352 0.430176 0.848633 0.425781 0.836914 0.426270 0.830078 0.430664 0.816406 0.431152 0.799805 0.428223 0.787109 0.427734 0.773438
11 0.701172 0.762695 0.696289 0.772461 0.698730 0.779297 0.699707 0.780273 0.699707 0.783203 0.698730 0.784180 0.697754 0.791016 0.695801 0.794922 0.692383 0.807617 0.689453 0.813477 0.688477 0.824219 0.686035 0.831055 0.684570 0.837891 0.677734 0.850586 0.677246 0.856445 0.681641 0.862305 0.682617 0.867188 0.682617 0.870117 0.679199 0.875000 0.678223 0.877930 0.677246 0.883789 0.677734 0.891602 0.679688 0.895508 0.680664 0.904297 0.685547 0.912109 0.687012 0.917969 0.689453 0.919922 0.687988 0.925781 0.688477 0.928711 0.691895 0.936523 0.696289 0.939453 0.697266 0.941406 0.696777 0.944336 0.697266 0.949219 0.701172 0.957031 0.703125 0.958008 0.704102 0.959961 0.704590 0.967773 0.706543 0.972656 0.708008 0.973633 0.708008 0.978516 0.706055 0.982422 0.694824 0.990234 0.701660 0.990234 0.703613 0.993164 0.704102 0.999023 0.709473 0.999023 0.709961 0.988281 0.711426 0.985352 0.715332 0.985352 0.718750 0.989258 0.718750 0.999023 0.730957 0.999023 0.734863 0.974609 0.730469 0.968750 0.734375 0.963867 0.735840 0.957031 0.737305 0.954102 0.740234 0.954102 0.744141 0.948242 0.742676 0.941406 0.742676 0.919922 0.740723 0.913086 0.739746 0.898438 0.743652 0.889648 0.747070 0.886719 0.747559 0.883789 0.751953 0.875000 0.755371 0.872070 0.757324 0.865234 0.754883 0.859375 0.753906 0.852539 0.752930 0.851562 0.752930 0.848633 0.753906 0.847656 0.754395 0.835938 0.750488 0.828125 0.749512 0.823242 0.749512 0.812500 0.751953 0.800781 0.751465 0.799805 0.751953 0.792969 0.746582 0.783203 0.744629 0.783203 0.742188 0.781250 0.731445 0.781250 0.724609 0.776367 0.713867 0.775391 0.711914 0.774414 0.707031 0.766602
11 0.218262 0.751953 0.209961 0.741211 0.202637 0.741211 0.190918 0.745117 0.190918 0.748047 0.197266 0.751953 0.198242 0.753906 0.197754 0.757812 0.195312 0.763672 0.193848 0.774414 0.190918 0.779297 0.187988 0.795898 0.179688 0.811523 0.170410 0.818359 0.153809 0.843750 0.145508 0.848633 0.138672 0.858398 0.134277 0.859375 0.127930 0.866211 0.123047 0.864258 0.121094 0.867188 0.118164 0.868164 0.111328 0.880859 0.109375 0.890625 0.107910 0.893555 0.104004 0.894531 0.097168 0.902344 0.089844 0.916992 0.085938 0.920898 0.075684 0.937500 0.073730 0.938477 0.067383 0.949219 0.062500 0.955078 0.054199 0.973633 0.047363 0.978516 0.042969 0.991211 0.041992 0.991211 0.041016 0.994141 0.035645 0.996094 0.035645 0.999023 0.090820 0.999023 0.089844 0.991211 0.090820 0.976562 0.100098 0.958008 0.106934 0.953125 0.127930 0.919922 0.130859 0.918945 0.136719 0.912109 0.141113 0.902344 0.155273 0.892578 0.166504 0.881836 0.171875 0.872070 0.174805 0.859375 0.187988 0.836914 0.199707 0.827148 0.205078 0.817383 0.210449 0.810547 0.216797 0.808594 0.217773 0.789062 0.222656 0.781250 0.223633 0.777344 0.218262 0.759766
11 0.860352 0.731445 0.858887 0.747070 0.858398 0.783203 0.862793 0.810547 0.864258 0.812500 0.868164 0.824219 0.875977 0.832031 0.882324 0.835938 0.888672 0.848633 0.895020 0.847656 0.899902 0.850586 0.903320 0.845703 0.912598 0.843750 0.915039 0.838867 0.920410 0.839844 0.925781 0.835938 0.920410 0.829102 0.921387 0.826172 0.924316 0.826172 0.930176 0.830078 0.946289 0.829102 0.958984 0.836914 0.963379 0.836914 0.972656 0.843750 0.979980 0.853516 0.986328 0.855469 0.992676 0.862305 0.999512 0.862305 0.999512 0.706055 0.995605 0.704102 0.979980 0.689453 0.973145 0.677734 0.972656 0.671875 0.971680 0.670898 0.969727 0.652344 0.967773 0.646484 0.958008 0.642578 0.945801 0.642578 0.934570 0.651367 0.922852 0.653320 0.907715 0.660156 0.901855 0.666016 0.895996 0.675781 0.893066 0.686523 0.886719 0.703125 0.885742 0.704102 0.880371 0.703125 0.874023 0.707031 0.867676 0.713867 0.863281 0.723633 0.862305 0.723633
11 0.767090 0.553711 0.767090 0.554688 0.766113 0.557617 0.766113 0.561523 0.766602 0.562500 0.766602 0.565430 0.767090 0.566406 0.767090 0.567383 0.768555 0.570312 0.768555 0.571289 0.770020 0.573242 0.770020 0.574219 0.770508 0.575195 0.770508 0.578125 0.770996 0.579102 0.771484 0.582031 0.772461 0.583984 0.772461 0.584961 0.774902 0.589844 0.774902 0.590820 0.776855 0.594727 0.777344 0.594727 0.777832 0.595703 0.777832 0.596680 0.779297 0.599609 0.779297 0.601562 0.779785 0.602539 0.779785 0.605469 0.780273 0.606445 0.780273 0.608398 0.780762 0.609375 0.780762 0.610352 0.784668 0.618164 0.785156 0.618164 0.791992 0.632812 0.792969 0.632812 0.794434 0.635742 0.794434 0.636719 0.799805 0.647461 0.799805 0.648438 0.800293 0.649414 0.801758 0.650391 0.802734 0.652344 0.809082 0.652344 0.809570 0.653320 0.810059 0.653320 0.811035 0.655273 0.811035 0.659180 0.811523 0.660156 0.811523 0.663086 0.812012 0.663086 0.813477 0.665039 0.814941 0.665039 0.815430 0.664062 0.818359 0.664062 0.818848 0.663086 0.825195 0.663086 0.825684 0.664062 0.830078 0.664062 0.830566 0.665039 0.832031 0.665039 0.833496 0.666992 0.834961 0.666992 0.835449 0.666016 0.836914 0.666016 0.837402 0.665039 0.837891 0.665039 0.838867 0.655273 0.837402 0.652344 0.835938 0.651367 0.833496 0.646484 0.833008 0.646484 0.830566 0.642578 0.829102 0.641602 0.828125 0.639648 0.826660 0.638672 0.824707 0.635742 0.823730 0.635742 0.822266 0.633789 0.821289 0.633789 0.820801 0.632812 0.820312 0.632812 0.816406 0.625000 0.815918 0.625000 0.813965 0.621094 0.813965 0.620117 0.813477 0.619141 0.813477 0.616211 0.812988 0.615234 0.812988 0.613281 0.812500 0.612305 0.812500 0.609375 0.812012 0.608398 0.812012 0.607422 0.808594 0.600586 0.808105 0.600586 0.807129 0.598633 0.806641 0.598633 0.800781 0.586914 0.800293 0.586914 0.798828 0.583984 0.798828 0.583008 0.797363 0.579102 0.795898 0.572266 0.795410 0.571289 0.793945 0.570312 0.792969 0.568359 0.791992 0.568359 0.791504 0.567383 0.791016 0.567383 0.790039 0.565430 0.790039 0.564453 0.787598 0.559570 0.787598 0.558594 0.786133 0.554688 0.785645 0.554688 0.785156 0.553711 0.783691 0.553711 0.783203 0.552734 0.775391 0.552734 0.774902 0.553711
11 0.807617 0.491211 0.806152 0.491211 0.805664 0.490234 0.805176 0.490234 0.804688 0.489258 0.804199 0.489258 0.803711 0.488281 0.803223 0.488281 0.802734 0.487305 0.802246 0.487305 0.801758 0.486328 0.801270 0.486328 0.800781 0.485352 0.799805 0.485352 0.799316 0.484375 0.798828 0.484375 0.798340 0.483398 0.796875 0.483398 0.796387 0.484375 0.793945 0.484375 0.793457 0.485352 0.790527 0.485352 0.790039 0.486328 0.787598 0.486328 0.787109 0.487305 0.786133 0.487305 0.785156 0.489258 0.784668 0.489258 0.783691 0.491211 0.783203 0.491211 0.781250 0.495117 0.780762 0.495117 0.777344 0.501953 0.776855 0.501953 0.776367 0.502930 0.776367 0.504883 0.775879 0.505859 0.775879 0.507812 0.775391 0.508789 0.775391 0.511719 0.774902 0.512695 0.774902 0.515625 0.774414 0.516602 0.774414 0.518555 0.776855 0.523438 0.777344 0.523438 0.778320 0.525391 0.778809 0.525391 0.781738 0.531250 0.782715 0.531250 0.783203 0.532227 0.785156 0.532227 0.785645 0.533203 0.788086 0.533203 0.788574 0.532227 0.791504 0.532227 0.791992 0.531250 0.793945 0.531250 0.794434 0.530273 0.794922 0.530273 0.795410 0.529297 0.795898 0.529297 0.796875 0.527344 0.797363 0.527344 0.797852 0.526367 0.798340 0.526367 0.798828 0.525391 0.799805 0.525391 0.800293 0.524414 0.801270 0.524414 0.804199 0.518555 0.804199 0.517578 0.806152 0.513672 0.806152 0.512695 0.806641 0.511719 0.806641 0.508789 0.807129 0.507812 0.807129 0.506836 0.807617 0.505859 0.807617 0.502930 0.808105 0.501953 0.808594 0.501953 0.808594 0.497070 0.808105 0.497070 0.807617 0.496094
11 0.000488 0.473633 0.002441 0.525391 0.002930 0.526367 0.003418 0.549805 0.004395 0.550781 0.004883 0.568359 0.020996 0.566406 0.025879 0.569336 0.028320 0.569336 0.028809 0.570312 0.045410 0.576172 0.048828 0.579102 0.051270 0.579102 0.058105 0.584961 0.059570 0.584961 0.072754 0.595703 0.074707 0.594727 0.081543 0.583984 0.082520 0.583984 0.085449 0.579102 0.087402 0.578125 0.092285 0.571289 0.125977 0.572266 0.127930 0.559570 0.128906 0.558594 0.129395 0.553711 0.134766 0.543945 0.136719 0.542969 0.142578 0.532227 0.145020 0.529297 0.136230 0.522461 0.122559 0.508789 0.120605 0.508789 0.113281 0.500977 0.108887 0.498047 0.104980 0.498047 0.104492 0.497070 0.097168 0.496094 0.096680 0.495117 0.093262 0.495117 0.092773 0.494141 0.089355 0.494141 0.088867 0.493164 0.085449 0.493164 0.084961 0.492188 0.081543 0.492188 0.081055 0.491211 0.073730 0.491211 0.073242 0.490234 0.069824 0.490234 0.069336 0.489258 0.065430 0.489258 0.061523 0.487305 0.057617 0.487305 0.057129 0.486328 0.049805 0.485352 0.045898 0.483398 0.041992 0.483398 0.041504 0.482422 0.038086 0.482422 0.037598 0.481445 0.034180 0.481445 0.033691 0.480469 0.030273 0.480469 0.029785 0.479492 0.026367 0.479492 0.025879 0.478516 0.022461 0.478516 0.021973 0.477539 0.018555 0.477539 0.018066 0.476562 0.014648 0.476562 0.014160 0.475586 0.010254 0.475586 0.006348 0.473633
11 0.062012 0.447266 0.062012 0.451172 0.061523 0.452148 0.061523 0.455078 0.062988 0.458008 0.062988 0.458984 0.064453 0.461914 0.068848 0.461914 0.069336 0.460938 0.072754 0.460938 0.073730 0.458984 0.074219 0.458984 0.074707 0.458008 0.074707 0.457031 0.075684 0.455078 0.075684 0.454102 0.075195 0.453125 0.075195 0.450195 0.074707 0.449219 0.074707 0.448242 0.074219 0.447266 0.073730 0.447266 0.073242 0.446289 0.072754 0.446289 0.071777 0.444336 0.069336 0.444336 0.068848 0.443359 0.065430 0.443359 0.064941 0.444336 0.064453 0.444336 0.063965 0.445312 0.063477 0.445312 0.062988 0.446289 0.062500 0.446289
11 0.205566 0.437500 0.200195 0.453125 0.200195 0.454102 0.199707 0.455078 0.198730 0.455078 0.198242 0.458008 0.197266 0.459961 0.193359 0.472656 0.192383 0.473633 0.191895 0.475586 0.195312 0.518555 0.192383 0.523438 0.190918 0.524414 0.189941 0.526367 0.188965 0.526367 0.184570 0.533203 0.189453 0.538086 0.190430 0.540039 0.191406 0.540039 0.194824 0.543945 0.195801 0.543945 0.198242 0.546875 0.199219 0.546875 0.201172 0.549805 0.205566 0.553711 0.206543 0.555664 0.207520 0.555664 0.211426 0.559570 0.212402 0.561523 0.215332 0.562500 0.220215 0.567383 0.221191 0.569336 0.223145 0.570312 0.228516 0.576172 0.229492 0.576172 0.229980 0.577148 0.231934 0.577148 0.232422 0.578125 0.234375 0.578125 0.234863 0.579102 0.238770 0.579102 0.239258 0.580078 0.241211 0.580078 0.241699 0.581055 0.243164 0.581055 0.243652 0.582031 0.246094 0.582031 0.246582 0.583008 0.248047 0.583008 0.248535 0.583984 0.250000 0.583984 0.250488 0.584961 0.252441 0.584961 0.252930 0.585938 0.261719 0.585938 0.261719 0.584961 0.260742 0.583984 0.259766 0.580078 0.258301 0.577148 0.255859 0.568359 0.253906 0.564453 0.251465 0.562500 0.243164 0.547852 0.240723 0.544922 0.238770 0.541016 0.237793 0.541016 0.235352 0.535156 0.235352 0.533203 0.233398 0.525391 0.233398 0.523438 0.232910 0.522461 0.231445 0.511719 0.230469 0.507812 0.229492 0.506836 0.229492 0.504883 0.228516 0.500977 0.229004 0.495117 0.229492 0.494141 0.229492 0.491211 0.230469 0.490234 0.230957 0.488281 0.230957 0.485352 0.231445 0.484375 0.231934 0.478516 0.232422 0.477539 0.232422 0.474609 0.232910 0.473633 0.230469 0.458984 0.229492 0.458984 0.226074 0.455078 0.224609 0.455078 0.223145 0.453125 0.222168 0.453125 0.214844 0.445312 0.213867 0.445312 0.207520 0.438477
12 0.574707 0.010742 0.574707 0.032227 0.597168 0.114258 0.612793 0.143555 0.625488 0.150391 0.634277 0.164062 0.633789 0.169922 0.637207 0.177734 0.639648 0.194336 0.649414 0.231445 0.650879 0.259766 0.654785 0.264648 0.689453 0.263672 0.730469 0.270508 0.745117 0.280273 0.763672 0.285156 0.778809 0.297852 0.800781 0.306641 0.813965 0.320312 0.832031 0.322266 0.863281 0.313477 0.894531 0.321289 0.900879 0.329102 0.918457 0.337891 0.966797 0.326172 0.969238 0.329102 0.982422 0.330078 0.993652 0.342773 0.999512 0.343750 0.999512 0.000000 0.936035 0.000000 0.935059 0.003906 0.921387 0.005859 0.919922 0.008789 0.916992 0.000000 0.706055 0.000000 0.705078 0.003906 0.704102 0.000000 0.577148 0.000000
12 0.000000 0.308594 0.031738 0.305664 0.053223 0.317383 0.066895 0.308594 0.083008 0.305664 0.094727 0.293945 0.105957 0.291992 0.123047 0.307617 0.142090 0.334961 0.193359 0.326172 0.229004 0.351562 0.248535 0.333984 0.265625 0.333008 0.326172 0.362305 0.328125 0.359375 0.328125 0.279297 0.333496 0.266602 0.334961 0.239258 0.343262 0.214844 0.369629 0.172852 0.388184 0.168945 0.407227 0.144531 0.420410 0.150391 0.423340 0.143555 0.427734 0.152344 0.430664 0.149414 0.431641 0.136719 0.437988 0.149414 0.443359 0.150391 0.451172 0.164062 0.449707 0.155273 0.454590 0.148438 0.473633 0.144531 0.482910 0.147461 0.504395 0.132812 0.515625 0.116211 0.526855 0.108398 0.549805 0.114258 0.568359 0.106445 0.579590 0.118164 0.584961 0.114258 0.565430 0.034180 0.561035 0.000000 0.000000 0.000000
13 0.366211 0.878906 0.364258 0.876953 0.362793 0.876953 0.360840 0.875000 0.356934 0.883789 0.354980 0.885742 0.354980 0.886719 0.347656 0.900391 0.344727 0.903320 0.339844 0.913086 0.338867 0.913086 0.335449 0.919922 0.333984 0.920898 0.332031 0.924805 0.329102 0.927734 0.328125 0.927734 0.325195 0.930664 0.323730 0.930664 0.322266 0.932617 0.321289 0.932617 0.317383 0.936523 0.315918 0.936523 0.315430 0.937500 0.313477 0.937500 0.312988 0.938477 0.312012 0.938477 0.310547 0.940430 0.309082 0.940430 0.308594 0.941406 0.305664 0.941406 0.305176 0.942383 0.302734 0.942383 0.302246 0.943359 0.300293 0.943359 0.298340 0.947266 0.297852 0.961914 0.297363 0.962891 0.296875 0.969727 0.296387 0.970703 0.296387 0.972656 0.295898 0.973633 0.295898 0.976562 0.295410 0.977539 0.295410 0.982422 0.295898 0.983398 0.295898 0.989258 0.296387 0.990234 0.296387 0.995117 0.296875 0.996094 0.296875 0.999023 0.357422 0.999023 0.359863 0.989258 0.362793 0.983398 0.363281 0.983398 0.364258 0.981445 0.364746 0.979492 0.364746 0.976562 0.365723 0.972656 0.365723 0.965820 0.365234 0.964844 0.365234 0.955078 0.364746 0.954102 0.364746 0.943359 0.364258 0.942383 0.364258 0.937500 0.364746 0.936523 0.364746 0.934570 0.366211 0.928711 0.366211 0.924805 0.366699 0.923828 0.366699 0.919922 0.367188 0.918945 0.367188 0.914062 0.367676 0.913086 0.367676 0.908203 0.368164 0.907227 0.368164 0.902344 0.368652 0.901367 0.368652 0.897461 0.368164 0.896484 0.368164 0.893555 0.367676 0.892578 0.367676 0.889648 0.367188 0.888672 0.367188 0.884766 0.366699 0.883789
13 0.829590 0.777344 0.828613 0.780273 0.828613 0.782227 0.830566 0.793945 0.831543 0.795898 0.831543 0.797852 0.832520 0.798828 0.833496 0.806641 0.835449 0.812500 0.839355 0.829102 0.840332 0.830078 0.841797 0.843750 0.843750 0.849609 0.847168 0.865234 0.849121 0.869141 0.849121 0.871094 0.852539 0.883789 0.853027 0.891602 0.854980 0.899414 0.855957 0.900391 0.862793 0.929688 0.864258 0.932617 0.866211 0.946289 0.870605 0.959961 0.870605 0.962891 0.871582 0.963867 0.872559 0.972656 0.877441 0.988281 0.880371 0.994141 0.880859 0.999023 0.921875 0.999023 0.919922 0.991211 0.916504 0.990234 0.915527 0.988281 0.914551 0.981445 0.912109 0.976562 0.907715 0.976562 0.907227 0.977539 0.902832 0.977539 0.898926 0.973633 0.892578 0.961914 0.889648 0.944336 0.891113 0.925781 0.883789 0.906250 0.883789 0.896484 0.878906 0.875977 0.878906 0.870117 0.881836 0.865234 0.882812 0.859375 0.880859 0.843750 0.876953 0.843750 0.875977 0.841797 0.875000 0.836914 0.868164 0.833984 0.861328 0.826172 0.856934 0.781250 0.853516 0.777344 0.851562 0.776367 0.843750 0.776367 0.843262 0.775391 0.839355 0.775391 0.838867 0.774414
13 0.752930 0.791016 0.751953 0.794922 0.751953 0.799805 0.752441 0.800781 0.752441 0.807617 0.752930 0.808594 0.752930 0.814453 0.753418 0.815430 0.753418 0.822266 0.754395 0.823242 0.754883 0.836914 0.755371 0.837891 0.755371 0.841797 0.754395 0.847656 0.753418 0.848633 0.753418 0.850586 0.754395 0.851562 0.758301 0.867188 0.765137 0.868164 0.768555 0.871094 0.772949 0.873047 0.778320 0.879883 0.786621 0.882812 0.789551 0.885742 0.796387 0.896484 0.800293 0.906250 0.798828 0.921875 0.799805 0.924805 0.801758 0.927734 0.803223 0.927734 0.804199 0.924805 0.804199 0.911133 0.806641 0.905273 0.808105 0.907227 0.809082 0.907227 0.813477 0.913086 0.812500 0.915039 0.812500 0.923828 0.813965 0.928711 0.822266 0.926758 0.826660 0.930664 0.830078 0.926758 0.840332 0.936523 0.843750 0.936523 0.845703 0.931641 0.848633 0.936523 0.849609 0.935547 0.849609 0.932617 0.847656 0.924805 0.847168 0.924805 0.846191 0.921875 0.845215 0.911133 0.844238 0.908203 0.843262 0.901367 0.842285 0.899414 0.839844 0.884766 0.838379 0.882812 0.835449 0.866211 0.834473 0.864258 0.834473 0.862305 0.833496 0.859375 0.832031 0.849609 0.830566 0.847656 0.827637 0.831055 0.826660 0.829102 0.824219 0.814453 0.823242 0.813477 0.819336 0.794922 0.818359 0.792969 0.816406 0.784180 0.815918 0.784180 0.814941 0.781250 0.813965 0.771484 0.810059 0.769531 0.804688 0.776367 0.803711 0.776367 0.802246 0.778320 0.793945 0.778320 0.783691 0.786133 0.781250 0.786133 0.780762 0.787109 0.776855 0.787109 0.776367 0.788086 0.772461 0.788086 0.771973 0.789062 0.755371 0.788086
13 0.860840 0.584961 0.861816 0.591797 0.862305 0.592773 0.862305 0.594727 0.862793 0.595703 0.862793 0.597656 0.863770 0.598633 0.864258 0.620117 0.863770 0.622070 0.862793 0.623047 0.859375 0.635742 0.861328 0.637695 0.863281 0.637695 0.863770 0.638672 0.865723 0.638672 0.866211 0.639648 0.871582 0.641602 0.878418 0.649414 0.888672 0.649414 0.892090 0.655273 0.893066 0.655273 0.893555 0.656250 0.900391 0.655273 0.900879 0.654297 0.904785 0.654297 0.905273 0.653320 0.908691 0.653320 0.909180 0.652344 0.913086 0.652344 0.913574 0.651367 0.916992 0.651367 0.917480 0.650391 0.920898 0.650391 0.922363 0.648438 0.923828 0.642578 0.929688 0.643555 0.930176 0.642578 0.931641 0.642578 0.932129 0.641602 0.933594 0.641602 0.934082 0.640625 0.935547 0.640625 0.936035 0.639648 0.937500 0.639648 0.937988 0.638672 0.938965 0.638672 0.939453 0.637695 0.941406 0.637695 0.941895 0.636719 0.953613 0.635742 0.954102 0.634766 0.958008 0.633789 0.958496 0.632812 0.966797 0.633789 0.967773 0.630859 0.967773 0.625977 0.968262 0.625000 0.968262 0.618164 0.968750 0.617188 0.968750 0.614258 0.966797 0.611328 0.955078 0.609375 0.951660 0.598633 0.931641 0.597656 0.931152 0.598633 0.921387 0.598633 0.920898 0.599609 0.917480 0.599609 0.916992 0.600586 0.914062 0.601562 0.912109 0.603516 0.908203 0.603516 0.907715 0.602539 0.900879 0.602539 0.900391 0.601562 0.896484 0.601562 0.895020 0.599609 0.894043 0.599609 0.893555 0.598633 0.891602 0.598633 0.889160 0.595703 0.888184 0.595703 0.886719 0.593750 0.885742 0.593750 0.883789 0.591797 0.882324 0.591797 0.879883 0.589844 0.877930 0.589844 0.877441 0.588867 0.874512 0.587891 0.874023 0.586914 0.872559 0.586914 0.872070 0.585938 0.870117 0.585938 0.869629 0.584961
13 0.289551 0.558594 0.288086 0.556641 0.281738 0.556641 0.279297 0.559570 0.262207 0.559570 0.262207 0.561523 0.261230 0.562500 0.260742 0.568359 0.261230 0.570312 0.262207 0.571289 0.264160 0.579102 0.264160 0.583008 0.261719 0.586914 0.251953 0.586914 0.251465 0.587891 0.235352 0.587891 0.234863 0.586914 0.232910 0.586914 0.232422 0.585938 0.227539 0.584961 0.227051 0.583984 0.225098 0.583008 0.223633 0.580078 0.222168 0.580078 0.219727 0.577148 0.217285 0.576172 0.215820 0.574219 0.214355 0.574219 0.213867 0.573242 0.212891 0.573242 0.212402 0.572266 0.211426 0.572266 0.210938 0.571289 0.209961 0.571289 0.207031 0.568359 0.205566 0.568359 0.203613 0.566406 0.200684 0.566406 0.200195 0.565430 0.196777 0.565430 0.195801 0.573242 0.197266 0.578125 0.198730 0.581055 0.198730 0.582031 0.199219 0.582031 0.200684 0.585938 0.200684 0.608398 0.202148 0.615234 0.203613 0.618164 0.206055 0.626953 0.207031 0.627930 0.208008 0.630859 0.209961 0.632812 0.215332 0.632812 0.215820 0.631836 0.217773 0.630859 0.221680 0.625000 0.222656 0.625000 0.229492 0.615234 0.230957 0.615234 0.235840 0.607422 0.237793 0.605469 0.240723 0.604492 0.242188 0.602539 0.245117 0.603516 0.245605 0.604492 0.247070 0.604492 0.248047 0.605469 0.249023 0.607422 0.249023 0.608398 0.250488 0.610352 0.253906 0.610352 0.254395 0.609375 0.259766 0.609375 0.260254 0.608398 0.263672 0.608398 0.264160 0.607422 0.265137 0.607422 0.267090 0.605469 0.268555 0.602539 0.269531 0.602539 0.271973 0.597656 0.273438 0.591797 0.273926 0.591797 0.276367 0.587891 0.277344 0.587891 0.278320 0.585938 0.283691 0.579102 0.283691 0.569336 0.284180 0.567383 0.285156 0.566406 0.286133 0.562500 0.288574 0.560547
13 0.740234 0.516602 0.740234 0.514648 0.739746 0.513672 0.739746 0.508789 0.739258 0.507812 0.739258 0.505859 0.738770 0.504883 0.738770 0.503906 0.738281 0.502930 0.738281 0.501953 0.737793 0.501953 0.737305 0.500977 0.737305 0.500000 0.736816 0.499023 0.736816 0.498047 0.735840 0.495117 0.733887 0.499023 0.733398 0.499023 0.732910 0.500000 0.731934 0.500000 0.731445 0.500977 0.729980 0.500977 0.729492 0.501953 0.728027 0.501953 0.727539 0.502930 0.726562 0.502930 0.726074 0.503906 0.725098 0.503906 0.724609 0.504883 0.723633 0.504883 0.723145 0.505859 0.721680 0.505859 0.721191 0.506836 0.719727 0.506836 0.719238 0.507812 0.718262 0.507812 0.717773 0.508789 0.715332 0.508789 0.714844 0.509766 0.713379 0.509766 0.712891 0.510742 0.711426 0.510742 0.710938 0.511719 0.709961 0.511719 0.709473 0.512695 0.708496 0.512695 0.708008 0.511719 0.707520 0.511719 0.707031 0.510742 0.706055 0.510742 0.704590 0.508789 0.702637 0.508789 0.702148 0.507812 0.701660 0.507812 0.700195 0.505859 0.697754 0.505859 0.697266 0.504883 0.694824 0.504883 0.694336 0.503906 0.691895 0.503906 0.691406 0.502930 0.689453 0.502930 0.690918 0.505859 0.691406 0.505859 0.692383 0.507812 0.692383 0.509766 0.692871 0.510742 0.692871 0.516602 0.693359 0.517578 0.693359 0.520508 0.693848 0.520508 0.694336 0.521484 0.694824 0.521484 0.695312 0.522461 0.695801 0.522461 0.697266 0.524414 0.697266 0.525391 0.696777 0.526367 0.696777 0.527344 0.696289 0.528320 0.696289 0.529297 0.695801 0.530273 0.695801 0.531250 0.697266 0.534180 0.699219 0.534180 0.699707 0.535156 0.700684 0.535156 0.705078 0.543945 0.707031 0.543945 0.707520 0.544922 0.713867 0.544922 0.714355 0.543945 0.716797 0.543945 0.717285 0.542969 0.718262 0.542969 0.719727 0.541016 0.720703 0.541016 0.722168 0.539062 0.723633 0.539062 0.725098 0.537109 0.726074 0.537109 0.726562 0.536133 0.727539 0.536133 0.729004 0.534180 0.730469 0.534180 0.730957 0.533203 0.731445 0.533203 0.731934 0.532227 0.732422 0.532227 0.732422 0.531250 0.732910 0.530273 0.732910 0.529297 0.733398 0.528320 0.733398 0.527344 0.734375 0.525391 0.734375 0.524414 0.734863 0.523438 0.735352 0.523438 0.736816 0.520508 0.737305 0.520508 0.737793 0.519531 0.738281 0.519531 0.739258 0.517578 0.739746 0.517578
13 0.358398 0.419922 0.359863 0.419922 0.360840 0.422852 0.360352 0.424805 0.357910 0.425781 0.358398 0.430664 0.367188 0.439453 0.368652 0.449219 0.374512 0.458984 0.375488 0.463867 0.377441 0.458008 0.379883 0.458984 0.379395 0.463867 0.376465 0.467773 0.378418 0.474609 0.385742 0.487305 0.389160 0.487305 0.390137 0.489258 0.388184 0.491211 0.389648 0.496094 0.394531 0.496094 0.396484 0.500000 0.396484 0.502930 0.395508 0.503906 0.397949 0.518555 0.405273 0.543945 0.408203 0.547852 0.411133 0.548828 0.412598 0.552734 0.428711 0.555664 0.436035 0.561523 0.439453 0.568359 0.444824 0.566406 0.458008 0.568359 0.467285 0.565430 0.482910 0.565430 0.487305 0.561523 0.496582 0.560547 0.500488 0.554688 0.513672 0.553711 0.517578 0.543945 0.521973 0.542969 0.537598 0.533203 0.544922 0.531250 0.548340 0.526367 0.554199 0.525391 0.556152 0.523438 0.554688 0.511719 0.548828 0.502930 0.552246 0.496094 0.553711 0.496094 0.548828 0.495117 0.545898 0.500977 0.530762 0.501953 0.520020 0.508789 0.517090 0.508789 0.513672 0.512695 0.508301 0.511719 0.502441 0.514648 0.498535 0.521484 0.487305 0.529297 0.481934 0.538086 0.471680 0.544922 0.467285 0.550781 0.458984 0.550781 0.453613 0.544922 0.438965 0.536133 0.434570 0.537109 0.433594 0.531250 0.427734 0.527344 0.424316 0.527344 0.422852 0.540039 0.421387 0.538086 0.419922 0.526367 0.417969 0.525391 0.420410 0.524414 0.420898 0.521484 0.419922 0.519531 0.416504 0.518555 0.416992 0.514648 0.418945 0.514648 0.418945 0.512695 0.416016 0.511719 0.418457 0.508789 0.418457 0.501953 0.416992 0.499023 0.415527 0.491211 0.418457 0.482422 0.418945 0.473633 0.416016 0.471680 0.407715 0.470703 0.399414 0.463867 0.392090 0.463867 0.384277 0.459961 0.380859 0.454102 0.378906 0.446289 0.375977 0.443359 0.372559 0.434570 0.367676 0.430664 0.363281 0.419922
14 0.798340 0.651367 0.797363 0.656250 0.800293 0.666992 0.802246 0.669922 0.803223 0.675781 0.805664 0.711914 0.808105 0.734375 0.809082 0.735352 0.812012 0.756836 0.812988 0.758789 0.814941 0.771484 0.817383 0.778320 0.823242 0.810547 0.824707 0.812500 0.831543 0.848633 0.832520 0.849609 0.839355 0.881836 0.840820 0.883789 0.842285 0.892578 0.847168 0.913086 0.848145 0.914062 0.848145 0.916016 0.849609 0.919922 0.854980 0.945312 0.855957 0.946289 0.862793 0.976562 0.864258 0.979492 0.867676 0.999023 0.878906 0.999023 0.877930 0.997070 0.871094 0.967773 0.870117 0.966797 0.863770 0.938477 0.862305 0.936523 0.855469 0.905273 0.854492 0.904297 0.854492 0.902344 0.853027 0.898438 0.847656 0.871094 0.846680 0.870117 0.846191 0.866211 0.844727 0.862305 0.840332 0.839844 0.838867 0.836914 0.832031 0.803711 0.831055 0.802734 0.828125 0.790039 0.825195 0.766602 0.821777 0.756836 0.817871 0.739258 0.816406 0.719727 0.815430 0.718750 0.813477 0.691406 0.811523 0.684570 0.811035 0.679688 0.810059 0.675781 0.804688 0.666992 0.802734 0.658203
14 0.727539 0.459961 0.727539 0.462891 0.728027 0.463867 0.728027 0.464844 0.728516 0.465820 0.729004 0.468750 0.729980 0.470703 0.729980 0.471680 0.730469 0.471680 0.731934 0.474609 0.731934 0.475586 0.732422 0.476562 0.732910 0.479492 0.733887 0.481445 0.733887 0.482422 0.734375 0.483398 0.734863 0.486328 0.735840 0.488281 0.735840 0.489258 0.737305 0.492188 0.737793 0.495117 0.738281 0.495117 0.738770 0.496094 0.738770 0.497070 0.739746 0.499023 0.739746 0.500000 0.740234 0.500977 0.740723 0.503906 0.741699 0.505859 0.741699 0.506836 0.743652 0.511719 0.744141 0.514648 0.745117 0.516602 0.745605 0.519531 0.746094 0.519531 0.746582 0.520508 0.746582 0.521484 0.747559 0.523438 0.747559 0.524414 0.749512 0.529297 0.750000 0.532227 0.750977 0.534180 0.750977 0.535156 0.751465 0.536133 0.751953 0.539062 0.752930 0.541016 0.753418 0.543945 0.754395 0.543945 0.754883 0.544922 0.755371 0.547852 0.756348 0.549805 0.756348 0.550781 0.756836 0.551758 0.756836 0.552734 0.757812 0.554688 0.758301 0.557617 0.759277 0.559570 0.759277 0.560547 0.760742 0.563477 0.761230 0.566406 0.761719 0.566406 0.762695 0.568359 0.763184 0.571289 0.764160 0.573242 0.764160 0.574219 0.764648 0.575195 0.764648 0.576172 0.765625 0.578125 0.765625 0.579102 0.766113 0.579102 0.767090 0.581055 0.767090 0.582031 0.768555 0.584961 0.768555 0.585938 0.769043 0.586914 0.769531 0.586914 0.770508 0.588867 0.770508 0.589844 0.771973 0.592773 0.771973 0.593750 0.772461 0.594727 0.772461 0.593750 0.771973 0.592773 0.771973 0.591797 0.771484 0.590820 0.771484 0.589844 0.770996 0.588867 0.770996 0.587891 0.769531 0.583008 0.769531 0.581055 0.769043 0.581055 0.768066 0.579102 0.768066 0.578125 0.767578 0.577148 0.767578 0.576172 0.767090 0.575195 0.767090 0.574219 0.766602 0.573242 0.766602 0.572266 0.766113 0.571289 0.766113 0.570312 0.765625 0.569336 0.765625 0.568359 0.765137 0.567383 0.765137 0.566406 0.764648 0.565430 0.764160 0.562500 0.763184 0.560547 0.763184 0.559570 0.762695 0.558594 0.762695 0.557617 0.762207 0.556641 0.761719 0.553711 0.761230 0.553711 0.760742 0.552734 0.760742 0.551758 0.760254 0.550781 0.760254 0.549805 0.759766 0.548828 0.759277 0.545898 0.758301 0.543945 0.758301 0.542969 0.757812 0.541992 0.757812 0.541016 0.757324 0.540039 0.757324 0.539062 0.756836 0.538086 0.756836 0.537109 0.756348 0.536133 0.756348 0.535156 0.755859 0.534180 0.755859 0.533203 0.755371 0.532227 0.755371 0.531250 0.754883 0.530273 0.754395 0.527344 0.752930 0.525391 0.752930 0.524414 0.752441 0.523438 0.752441 0.522461 0.751953 0.521484 0.751953 0.520508 0.751465 0.519531 0.751465 0.518555 0.750977 0.517578 0.750488 0.514648 0.749512 0.512695 0.749512 0.511719 0.748535 0.509766 0.748535 0.508789 0.748047 0.508789 0.747559 0.507812 0.747559 0.506836 0.746582 0.504883 0.746582 0.503906 0.745117 0.501953 0.745117 0.500977 0.744141 0.499023 0.743652 0.496094 0.742676 0.494141 0.742676 0.493164 0.740723 0.489258 0.740723 0.488281 0.739746 0.486328 0.739746 0.485352 0.738770 0.483398 0.738770 0.482422 0.738281 0.481445 0.737793 0.481445 0.736328 0.478516 0.736328 0.477539 0.734375 0.473633 0.733887 0.473633 0.732910 0.471680 0.732910 0.470703 0.730469 0.465820 0.729980 0.465820 0.729004 0.463867 0.729004 0.462891
14 0.717285 0.435547 0.717285 0.436523 0.718262 0.438477 0.718262 0.440430 0.718750 0.441406 0.718750 0.442383 0.719238 0.443359 0.719238 0.444336 0.719727 0.445312 0.719727 0.447266 0.720215 0.448242 0.720215 0.449219 0.720703 0.450195 0.720703 0.452148 0.721191 0.453125 0.721191 0.454102 0.722168 0.456055 0.722168 0.457031 0.723145 0.457031 0.723633 0.456055 0.724609 0.456055 0.725098 0.455078 0.725586 0.455078 0.723633 0.451172 0.723633 0.450195 0.722656 0.448242 0.722168 0.448242 0.721680 0.447266 0.721680 0.446289 0.720703 0.444336 0.720703 0.443359 0.719238 0.440430 0.719238 0.439453
14 0.562988 0.000000 0.565918 0.018555 0.568848 0.027344 0.571777 0.043945 0.580078 0.078125 0.592773 0.118164 0.608398 0.151367 0.612305 0.168945 0.613770 0.170898 0.619629 0.194336 0.623535 0.205078 0.627930 0.226562 0.629395 0.228516 0.651367 0.291992 0.654297 0.296875 0.658691 0.310547 0.661621 0.315430 0.666016 0.329102 0.668945 0.333984 0.683105 0.372070 0.708984 0.423828 0.709961 0.419922 0.700684 0.401367 0.698242 0.398438 0.676270 0.340820 0.655762 0.291992 0.645020 0.260742 0.642578 0.256836 0.638672 0.241211 0.635254 0.233398 0.628906 0.210938 0.627441 0.208984 0.621094 0.187500 0.619629 0.186523 0.610840 0.151367 0.603027 0.136719 0.591797 0.110352 0.578613 0.061523 0.566406 0.000000
16 0.296387 0.950195 0.295410 0.943359 0.289551 0.933594 0.290527 0.924805 0.287598 0.905273 0.278809 0.886719 0.275391 0.883789 0.263184 0.884766 0.255859 0.894531 0.251465 0.879883 0.244141 0.871094 0.242188 0.849609 0.233887 0.833008 0.228027 0.831055 0.222656 0.819336 0.216309 0.813477 0.213867 0.813477 0.210449 0.815430 0.199707 0.829102 0.187988 0.838867 0.174805 0.861328 0.172363 0.872070 0.168457 0.882812 0.165527 0.883789 0.147461 0.901367 0.140625 0.906250 0.137207 0.914062 0.126465 0.924805 0.121094 0.935547 0.107910 0.954102 0.097168 0.964844 0.092285 0.974609 0.090820 0.984375 0.092773 0.999023 0.244629 0.999023 0.244629 0.996094 0.246582 0.994141 0.250977 0.994141 0.252441 0.999023 0.291016 0.999023 0.291504 0.981445 0.295410 0.969727
16 0.133789 0.640625 0.133301 0.638672 0.130859 0.634766 0.128906 0.626953 0.127930 0.625977 0.126465 0.619141 0.124512 0.616211 0.123047 0.616211 0.122070 0.614258 0.121094 0.610352 0.119141 0.609375 0.118652 0.608398 0.117188 0.608398 0.116699 0.607422 0.115234 0.607422 0.114746 0.606445 0.112793 0.606445 0.112305 0.605469 0.111328 0.605469 0.109375 0.598633 0.108398 0.598633 0.106445 0.595703 0.104492 0.594727 0.103027 0.592773 0.098145 0.592773 0.097656 0.591797 0.091309 0.591797 0.084473 0.598633 0.081543 0.599609 0.077637 0.603516 0.075684 0.608398 0.075684 0.609375 0.074219 0.612305 0.073730 0.612305 0.073730 0.613281 0.072266 0.616211 0.071289 0.616211 0.068359 0.622070 0.067871 0.622070 0.066406 0.625000 0.065918 0.625000 0.065430 0.626953 0.065430 0.629883 0.064453 0.633789 0.063965 0.640625 0.061523 0.650391 0.051270 0.669922 0.050293 0.669922 0.046875 0.676758 0.046875 0.679688 0.046387 0.680664 0.046387 0.686523 0.045898 0.687500 0.045898 0.691406 0.049316 0.700195 0.049805 0.704102 0.051270 0.706055 0.051758 0.709961 0.055176 0.714844 0.058594 0.714844 0.059082 0.713867 0.065430 0.713867 0.065918 0.712891 0.072754 0.712891 0.073242 0.711914 0.080078 0.711914 0.080566 0.710938 0.084473 0.710938 0.087402 0.708008 0.088867 0.705078 0.090820 0.704102 0.095703 0.695312 0.097656 0.693359 0.101562 0.686523 0.104492 0.686523 0.104980 0.685547 0.107422 0.685547 0.107910 0.684570 0.109375 0.684570 0.116211 0.677734 0.120605 0.668945 0.121582 0.668945 0.122070 0.666992 0.126465 0.658203 0.131348 0.655273 0.133789 0.650391 0.134766 0.649414 0.134277 0.647461 0.134277 0.644531 0.133789 0.643555
16 0.067871 0.610352 0.064941 0.606445 0.059570 0.601562 0.058594 0.599609 0.055664 0.598633 0.052734 0.594727 0.049805 0.592773 0.045410 0.587891 0.040039 0.584961 0.037109 0.582031 0.026367 0.581055 0.016113 0.587891 0.000000 0.587891 0.000000 0.760742 0.002441 0.758789 0.007324 0.757812 0.010742 0.754883 0.012695 0.754883 0.019043 0.750000 0.020996 0.750000 0.034180 0.741211 0.039062 0.740234 0.042480 0.737305 0.045898 0.736328 0.048340 0.734375 0.050781 0.730469 0.051758 0.723633 0.049805 0.720703 0.049316 0.717773 0.048340 0.715820 0.043457 0.690430 0.041016 0.686523 0.039551 0.680664 0.035156 0.672852 0.033691 0.671875 0.032227 0.668945 0.032227 0.664062 0.033203 0.661133 0.035645 0.657227 0.037598 0.651367 0.041504 0.644531 0.043457 0.644531 0.043945 0.643555 0.045410 0.643555 0.047363 0.641602 0.048828 0.641602 0.049316 0.640625 0.050781 0.640625 0.055176 0.637695 0.060547 0.637695 0.062500 0.631836 0.063965 0.625000 0.069336 0.615234 0.069336 0.613281
16 0.316406 0.561523 0.308105 0.564453 0.305176 0.567383 0.302246 0.574219 0.295898 0.580078 0.286133 0.580078 0.279297 0.587891 0.270508 0.603516 0.262207 0.628906 0.259277 0.634766 0.258301 0.638672 0.259277 0.655273 0.240723 0.679688 0.233887 0.682617 0.230469 0.690430 0.227539 0.692383 0.224609 0.703125 0.212402 0.724609 0.212891 0.732422 0.219727 0.747070 0.221680 0.762695 0.225586 0.773438 0.226074 0.781250 0.222168 0.793945 0.231934 0.806641 0.235352 0.819336 0.241699 0.831055 0.244629 0.842773 0.247559 0.849609 0.248535 0.863281 0.250488 0.870117 0.259277 0.881836 0.272949 0.876953 0.282227 0.885742 0.288574 0.901367 0.291016 0.912109 0.292480 0.930664 0.296387 0.938477 0.311035 0.936523 0.329590 0.922852 0.337891 0.909180 0.345215 0.900391 0.355469 0.882812 0.361816 0.865234 0.365234 0.864258 0.368652 0.873047 0.375977 0.873047 0.383301 0.866211 0.391113 0.863281 0.395508 0.856445 0.405762 0.829102 0.407227 0.819336 0.407227 0.793945 0.404297 0.778320 0.405273 0.750977 0.397461 0.723633 0.390625 0.708984 0.383789 0.701172 0.377441 0.688477 0.373535 0.673828 0.359863 0.652344 0.352539 0.618164 0.343750 0.604492 0.339844 0.591797 0.333496 0.581055 0.330566 0.579102 0.320801 0.564453
16 0.138672 0.544922 0.138672 0.545898 0.136719 0.549805 0.136230 0.549805 0.135742 0.550781 0.135742 0.551758 0.133301 0.556641 0.133301 0.557617 0.132324 0.559570 0.132324 0.563477 0.131836 0.564453 0.131836 0.573242 0.131348 0.574219 0.131348 0.579102 0.129395 0.583008 0.129395 0.583984 0.128906 0.584961 0.128418 0.584961 0.128906 0.584961 0.129395 0.585938 0.131348 0.594727 0.133301 0.599609 0.133301 0.600586 0.134277 0.603516 0.134277 0.605469 0.134766 0.606445 0.134766 0.609375 0.135254 0.610352 0.135254 0.612305 0.135742 0.613281 0.135742 0.614258 0.136230 0.615234 0.136719 0.615234 0.138672 0.619141 0.138672 0.620117 0.142090 0.626953 0.142578 0.626953 0.145996 0.632812 0.146973 0.632812 0.151367 0.637695 0.154297 0.637695 0.154785 0.638672 0.159180 0.638672 0.159668 0.639648 0.164062 0.639648 0.164551 0.640625 0.171875 0.640625 0.172363 0.639648 0.177734 0.639648 0.179199 0.637695 0.181641 0.636719 0.182129 0.635742 0.182617 0.635742 0.183105 0.634766 0.184082 0.634766 0.185059 0.632812 0.185547 0.632812 0.185547 0.631836 0.186523 0.629883 0.186523 0.625000 0.187012 0.624023 0.187012 0.616211 0.187500 0.615234 0.187500 0.606445 0.187988 0.605469 0.187988 0.597656 0.188477 0.596680 0.188477 0.590820 0.189453 0.587891 0.189453 0.585938 0.189941 0.584961 0.189941 0.583008 0.190430 0.582031 0.190430 0.581055 0.190918 0.580078 0.191406 0.580078 0.191406 0.579102 0.191895 0.578125 0.191895 0.576172 0.192871 0.573242 0.192871 0.571289 0.191406 0.566406 0.191406 0.564453 0.190918 0.564453 0.190430 0.563477 0.190430 0.562500 0.189453 0.560547 0.188965 0.557617 0.183594 0.546875 0.183105 0.546875 0.182129 0.544922 0.181152 0.544922 0.178711 0.541992 0.177734 0.541992 0.176270 0.540039 0.175293 0.540039 0.173828 0.538086 0.172852 0.538086 0.170410 0.535156 0.165527 0.535156 0.165039 0.536133 0.157227 0.536133 0.156738 0.537109 0.151855 0.537109 0.151367 0.538086 0.149902 0.538086 0.149414 0.539062 0.148438 0.539062 0.147949 0.540039 0.146484 0.540039 0.145996 0.541016 0.144043 0.541016 0.143555 0.541992 0.142578 0.541992 0.142090 0.542969 0.140625 0.542969 0.140137 0.543945
16 0.221191 0.415039 0.219727 0.419922 0.219727 0.422852 0.219238 0.423828 0.219238 0.427734 0.220215 0.431641 0.221191 0.433594 0.221680 0.436523 0.223633 0.439453 0.224609 0.443359 0.227051 0.445312 0.231934 0.447266 0.233398 0.450195 0.233398 0.452148 0.234375 0.455078 0.234375 0.457031 0.236328 0.466797 0.236328 0.485352 0.235840 0.486328 0.235352 0.496094 0.234863 0.497070 0.234863 0.500977 0.234375 0.501953 0.234375 0.506836 0.233887 0.507812 0.233887 0.511719 0.233398 0.512695 0.233887 0.519531 0.235352 0.525391 0.235840 0.525391 0.237793 0.529297 0.245605 0.537109 0.246582 0.537109 0.251465 0.541992 0.252441 0.543945 0.253906 0.543945 0.260254 0.553711 0.265137 0.555664 0.265625 0.556641 0.273438 0.556641 0.273926 0.555664 0.271973 0.551758 0.271973 0.544922 0.274414 0.537109 0.275879 0.534180 0.277832 0.533203 0.279297 0.531250 0.280273 0.531250 0.281738 0.533203 0.282227 0.538086 0.282715 0.539062 0.282715 0.541992 0.283203 0.542969 0.283203 0.544922 0.281250 0.552734 0.279785 0.555664 0.281250 0.555664 0.284180 0.552734 0.285645 0.552734 0.288574 0.549805 0.293457 0.546875 0.297852 0.539062 0.298340 0.534180 0.298828 0.533203 0.298828 0.530273 0.297852 0.525391 0.298340 0.500977 0.296875 0.497070 0.289551 0.491211 0.287598 0.487305 0.287109 0.482422 0.286133 0.478516 0.286133 0.475586 0.282227 0.466797 0.281250 0.456055 0.279297 0.452148 0.277344 0.446289 0.275391 0.444336 0.273926 0.444336 0.273438 0.443359 0.270996 0.442383 0.270508 0.441406 0.268555 0.441406 0.267578 0.440430 0.264160 0.432617 0.259277 0.430664 0.248535 0.419922 0.245605 0.419922 0.245117 0.418945 0.242188 0.418945 0.241699 0.417969 0.236328 0.416992 0.233398 0.412109 0.231445 0.412109 0.230957 0.411133 0.227539 0.411133 0.227051 0.412109 0.225586 0.412109 0.225098 0.413086 0.223633 0.413086
16 0.999512 0.392578 0.983887 0.392578 0.974609 0.395508 0.958496 0.412109 0.955078 0.413086 0.945801 0.421875 0.938965 0.437500 0.923828 0.438477 0.908203 0.447266 0.904297 0.452148 0.899902 0.444336 0.895508 0.440430 0.885742 0.440430 0.879883 0.443359 0.862305 0.432617 0.856934 0.435547 0.840820 0.433594 0.834473 0.437500 0.829102 0.448242 0.826172 0.459961 0.821289 0.466797 0.814453 0.481445 0.809082 0.506836 0.804199 0.519531 0.801758 0.530273 0.798828 0.536133 0.798340 0.540039 0.800293 0.559570 0.802246 0.563477 0.805664 0.578125 0.810059 0.582031 0.811035 0.593750 0.817383 0.613281 0.819824 0.615234 0.821777 0.622070 0.825195 0.621094 0.824219 0.615234 0.825684 0.613281 0.826660 0.627930 0.829590 0.632812 0.837891 0.635742 0.848145 0.636719 0.857422 0.632812 0.862305 0.622070 0.862305 0.595703 0.859375 0.581055 0.860840 0.577148 0.868164 0.583984 0.882324 0.588867 0.899414 0.600586 0.908691 0.601562 0.926758 0.591797 0.947754 0.587891 0.951172 0.588867 0.953613 0.594727 0.956543 0.597656 0.958984 0.597656 0.971191 0.608398 0.978027 0.607422 0.984863 0.593750 0.987305 0.584961 0.990234 0.583984 0.994629 0.578125 0.999512 0.577148
16 0.416992 0.496094 0.419434 0.502930 0.419434 0.507812 0.421387 0.504883 0.426758 0.504883 0.428223 0.508789 0.426270 0.512695 0.419922 0.513672 0.419922 0.515625 0.420898 0.514648 0.425781 0.515625 0.427734 0.520508 0.426758 0.522461 0.424316 0.523438 0.427734 0.525391 0.427246 0.523438 0.430664 0.520508 0.432129 0.524414 0.429688 0.526367 0.433594 0.528320 0.436523 0.531250 0.437988 0.530273 0.440430 0.534180 0.441895 0.534180 0.447754 0.541016 0.453613 0.543945 0.459473 0.549805 0.467285 0.549805 0.471680 0.543945 0.473145 0.543945 0.475586 0.541016 0.481934 0.537109 0.485352 0.530273 0.498535 0.520508 0.502441 0.513672 0.507812 0.511719 0.509277 0.507812 0.516602 0.508789 0.521484 0.506836 0.528809 0.500000 0.544922 0.498047 0.549316 0.491211 0.554199 0.486328 0.561523 0.482422 0.562500 0.473633 0.554688 0.451172 0.542969 0.428711 0.535156 0.419922 0.533203 0.419922 0.524414 0.411133 0.518066 0.409180 0.510254 0.411133 0.507812 0.414062 0.505859 0.420898 0.501465 0.428711 0.498047 0.428711 0.490234 0.415039 0.480957 0.415039 0.475098 0.409180 0.470215 0.418945 0.469238 0.416016 0.470215 0.408203 0.469238 0.392578 0.466797 0.389648 0.457520 0.413086 0.460449 0.423828 0.459961 0.438477 0.458984 0.440430 0.454102 0.440430 0.451660 0.437500 0.439453 0.437500 0.437500 0.439453 0.436035 0.454102 0.428711 0.466797 0.428223 0.472656 0.425781 0.478516 0.419922 0.483398 0.416992 0.488281
16 0.306152 0.354492 0.286133 0.357422 0.284668 0.359375 0.283691 0.365234 0.284668 0.369141 0.289062 0.370117 0.289551 0.372070 0.272461 0.378906 0.270020 0.383789 0.268555 0.384766 0.270508 0.399414 0.265625 0.404297 0.266113 0.406250 0.271484 0.408203 0.287109 0.433594 0.290527 0.430664 0.302734 0.428711 0.307617 0.420898 0.308594 0.420898 0.310059 0.417969 0.310547 0.413086 0.306152 0.390625 0.303223 0.385742 0.299316 0.389648 0.297363 0.388672 0.295410 0.383789 0.297852 0.377930 0.291016 0.372070 0.293945 0.371094 0.300781 0.377930 0.312988 0.400391 0.313965 0.400391 0.320312 0.409180 0.323730 0.418945 0.324707 0.418945 0.330078 0.428711 0.331055 0.433594 0.333496 0.438477 0.333008 0.440430 0.330078 0.437500 0.321777 0.437500 0.313477 0.441406 0.305664 0.441406 0.300293 0.446289 0.300293 0.451172 0.301270 0.452148 0.301270 0.455078 0.304199 0.460938 0.292480 0.473633 0.289062 0.482422 0.290527 0.486328 0.292480 0.488281 0.297852 0.490234 0.299316 0.492188 0.303223 0.489258 0.314453 0.473633 0.317871 0.470703 0.323242 0.470703 0.331055 0.463867 0.336914 0.463867 0.341797 0.467773 0.344238 0.461914 0.344238 0.455078 0.334473 0.442383 0.334961 0.441406 0.337402 0.443359 0.341309 0.437500 0.344238 0.436523 0.346680 0.439453 0.343262 0.447266 0.345215 0.453125 0.349609 0.447266 0.349609 0.438477 0.345703 0.428711 0.345703 0.417969 0.343262 0.412109 0.341797 0.403320 0.333496 0.396484 0.318359 0.368164 0.314453 0.365234
16 0.278809 0.349609 0.277344 0.346680 0.276855 0.346680 0.276367 0.345703 0.275879 0.345703 0.275391 0.344727 0.274414 0.344727 0.273926 0.343750 0.272949 0.343750 0.272461 0.342773 0.271973 0.342773 0.271484 0.341797 0.270508 0.341797 0.270020 0.340820 0.268555 0.340820 0.268066 0.339844 0.267090 0.339844 0.266602 0.338867 0.258301 0.338867 0.257812 0.339844 0.249512 0.339844 0.249023 0.340820 0.248535 0.340820 0.248047 0.341797 0.247559 0.341797 0.247070 0.342773 0.246582 0.342773 0.246094 0.343750 0.245117 0.343750 0.244629 0.344727 0.244141 0.344727 0.243652 0.345703 0.243164 0.345703 0.242676 0.346680 0.242188 0.346680 0.241699 0.347656 0.241211 0.347656 0.240723 0.348633 0.239258 0.348633 0.238770 0.349609 0.237793 0.349609 0.236816 0.351562 0.236328 0.351562 0.234375 0.355469 0.233887 0.355469 0.232910 0.357422 0.232910 0.358398 0.232422 0.359375 0.232422 0.362305 0.231934 0.363281 0.231934 0.367188 0.232422 0.368164 0.232422 0.371094 0.232910 0.371094 0.233398 0.372070 0.233887 0.372070 0.234375 0.373047 0.234863 0.373047 0.235352 0.374023 0.235840 0.374023 0.236328 0.375000 0.236816 0.375000 0.237305 0.375977 0.238281 0.375977 0.238770 0.376953 0.239258 0.376953 0.239746 0.377930 0.240234 0.377930 0.240723 0.378906 0.241211 0.378906 0.241699 0.379883 0.242188 0.379883 0.242676 0.380859 0.243652 0.380859 0.244141 0.379883 0.247070 0.379883 0.247559 0.378906 0.250000 0.378906 0.250488 0.377930 0.252441 0.377930 0.252930 0.378906 0.255371 0.378906 0.255859 0.379883 0.257812 0.379883 0.258301 0.380859 0.260742 0.380859 0.261230 0.379883 0.263184 0.379883 0.264160 0.377930 0.264160 0.376953 0.265625 0.374023 0.265625 0.373047 0.267090 0.370117 0.267090 0.369141 0.269043 0.365234 0.269531 0.365234 0.270508 0.363281 0.270508 0.362305 0.271973 0.359375 0.271973 0.358398 0.272949 0.356445 0.273438 0.356445 0.274414 0.354492 0.274902 0.354492 0.275879 0.352539 0.276367 0.352539 0.276855 0.351562 0.277344 0.351562 0.277832 0.350586 0.278320 0.350586
16 0.500977 0.351562 0.500977 0.354492 0.500488 0.355469 0.500488 0.362305 0.500000 0.363281 0.500000 0.366211 0.500977 0.369141 0.500977 0.381836 0.501465 0.382812 0.501465 0.392578 0.503418 0.396484 0.503418 0.397461 0.503906 0.397461 0.505371 0.400391 0.506348 0.400391 0.506836 0.401367 0.508301 0.401367 0.508789 0.402344 0.509766 0.402344 0.510254 0.403320 0.511719 0.403320 0.512207 0.404297 0.513672 0.404297 0.514160 0.405273 0.524414 0.405273 0.525879 0.403320 0.527344 0.403320 0.527832 0.402344 0.528320 0.402344 0.528809 0.401367 0.529297 0.401367 0.531250 0.405273 0.531250 0.406250 0.530273 0.409180 0.530273 0.411133 0.529785 0.412109 0.529785 0.413086 0.531738 0.413086 0.532227 0.414062 0.534180 0.414062 0.534668 0.413086 0.535156 0.413086 0.535156 0.412109 0.535645 0.411133 0.535645 0.410156 0.536133 0.409180 0.536133 0.408203 0.537109 0.405273 0.537109 0.379883 0.536621 0.378906 0.536621 0.375977 0.536133 0.375000 0.536133 0.372070 0.535645 0.371094 0.535645 0.367188 0.535156 0.366211 0.535156 0.364258 0.534668 0.364258 0.534180 0.363281 0.534180 0.360352 0.533691 0.359375 0.533691 0.357422 0.533203 0.357422 0.532715 0.356445 0.531250 0.356445 0.530762 0.355469 0.530273 0.355469 0.528809 0.352539 0.528320 0.352539 0.527344 0.350586 0.526855 0.350586 0.526367 0.349609 0.524902 0.349609 0.524414 0.350586 0.522461 0.350586 0.521484 0.353516 0.520020 0.350586 0.519043 0.350586 0.517578 0.347656 0.517578 0.346680 0.517090 0.345703 0.517090 0.343750 0.513672 0.336914 0.513184 0.336914 0.512695 0.337891 0.510742 0.337891 0.510254 0.338867 0.509766 0.338867 0.508789 0.340820 0.508301 0.340820 0.505859 0.345703 0.505371 0.345703 0.503906 0.348633 0.502930 0.348633 0.502441 0.349609 0.501953 0.349609
16 0.153809 0.343750 0.153809 0.347656 0.153320 0.348633 0.153320 0.352539 0.153809 0.353516 0.153809 0.354492 0.155762 0.361328 0.155762 0.363281 0.157227 0.367188 0.158691 0.374023 0.159180 0.375000 0.160156 0.375000 0.160645 0.375977 0.161133 0.375977 0.162109 0.377930 0.163574 0.378906 0.164551 0.380859 0.165039 0.380859 0.166504 0.382812 0.167969 0.382812 0.168457 0.383789 0.169922 0.384766 0.170898 0.386719 0.171387 0.386719 0.173340 0.389648 0.174805 0.390625 0.175293 0.391602 0.175293 0.392578 0.175781 0.392578 0.176270 0.393555 0.177246 0.398438 0.178223 0.400391 0.179688 0.400391 0.182129 0.404297 0.182617 0.404297 0.183105 0.405273 0.184082 0.405273 0.189941 0.417969 0.189941 0.418945 0.191406 0.419922 0.192383 0.421875 0.195801 0.421875 0.196289 0.422852 0.200195 0.422852 0.200684 0.421875 0.201172 0.421875 0.202637 0.418945 0.203613 0.418945 0.204102 0.417969 0.209961 0.417969 0.211426 0.416016 0.212402 0.416016 0.213867 0.414062 0.215332 0.414062 0.216797 0.412109 0.217773 0.412109 0.218262 0.411133 0.218750 0.411133 0.219238 0.410156 0.220215 0.410156 0.221680 0.408203 0.223145 0.408203 0.223633 0.407227 0.225098 0.406250 0.226562 0.403320 0.226562 0.401367 0.227051 0.400391 0.227051 0.395508 0.227539 0.394531 0.227539 0.389648 0.228027 0.388672 0.228027 0.383789 0.228516 0.382812 0.228516 0.377930 0.229004 0.376953 0.229004 0.372070 0.229492 0.371094 0.229492 0.367188 0.229004 0.366211 0.229004 0.364258 0.228027 0.361328 0.227539 0.361328 0.224121 0.357422 0.223633 0.357422 0.223145 0.358398 0.222168 0.358398 0.221680 0.359375 0.220215 0.360352 0.218750 0.357422 0.220703 0.350586 0.220703 0.349609 0.220215 0.349609 0.219727 0.348633 0.216797 0.348633 0.216309 0.347656 0.214355 0.347656 0.213867 0.346680 0.212891 0.346680 0.212402 0.345703 0.210938 0.345703 0.210449 0.344727 0.209473 0.344727 0.208984 0.343750 0.207520 0.343750 0.207031 0.342773 0.206055 0.342773 0.201660 0.334961 0.201172 0.334961 0.199707 0.333008 0.198730 0.333008 0.197266 0.331055 0.196289 0.331055 0.195801 0.330078 0.194336 0.330078 0.193848 0.329102 0.188477 0.329102 0.187988 0.330078 0.181641 0.330078 0.177246 0.334961 0.173828 0.334961 0.173340 0.335938 0.167480 0.335938 0.166992 0.336914 0.164551 0.336914 0.160156 0.341797 0.158691 0.341797 0.158203 0.342773 0.155762 0.342773 0.155273 0.343750
16 0.000000 0.312500 0.000000 0.463867 0.016113 0.470703 0.035645 0.468750 0.053223 0.472656 0.091309 0.490234 0.105469 0.490234 0.110352 0.482422 0.109863 0.436523 0.112305 0.444336 0.112305 0.486328 0.111328 0.496094 0.125488 0.504883 0.132812 0.503906 0.141602 0.495117 0.146973 0.495117 0.149902 0.500000 0.154785 0.500000 0.156738 0.496094 0.157227 0.482422 0.164062 0.512695 0.165527 0.526367 0.182129 0.524414 0.189941 0.516602 0.189453 0.509766 0.184082 0.492188 0.185547 0.474609 0.188965 0.468750 0.190430 0.455078 0.203125 0.428711 0.207031 0.425781 0.179688 0.426758 0.169434 0.436523 0.173828 0.426758 0.184082 0.423828 0.186523 0.418945 0.177246 0.401367 0.166016 0.386719 0.138672 0.385742 0.139648 0.382812 0.150391 0.382812 0.153809 0.377930 0.150391 0.362305 0.143555 0.350586 0.136719 0.331055 0.128418 0.325195 0.113770 0.300781 0.107422 0.294922 0.099609 0.294922 0.083496 0.310547 0.069336 0.312500 0.063477 0.315430 0.053223 0.327148 0.043457 0.315430 0.030762 0.309570
16 0.614258 0.152344 0.613770 0.153320 0.613770 0.154297 0.613281 0.155273 0.612793 0.155273 0.612793 0.156250 0.613281 0.156250 0.613770 0.157227 0.613770 0.158203 0.614746 0.160156 0.614746 0.161133 0.615234 0.162109 0.615234 0.163086 0.616211 0.165039 0.616211 0.166016 0.617188 0.167969 0.617188 0.168945 0.617676 0.168945 0.618164 0.169922 0.618164 0.170898 0.618652 0.171875 0.618652 0.172852 0.619629 0.174805 0.619629 0.175781 0.620605 0.178711 0.620605 0.181641 0.621094 0.181641 0.621582 0.182617 0.621582 0.184570 0.622070 0.185547 0.622070 0.187500 0.622559 0.188477 0.622559 0.189453 0.623047 0.190430 0.623047 0.191406 0.624512 0.194336 0.624512 0.195312 0.625488 0.197266 0.625488 0.198242 0.625977 0.199219 0.625977 0.200195 0.626465 0.201172 0.626465 0.202148 0.626953 0.203125 0.626953 0.204102 0.627441 0.205078 0.627441 0.206055 0.627930 0.207031 0.627930 0.208008 0.628418 0.208984 0.628418 0.209961 0.628906 0.209961 0.629395 0.210938 0.629395 0.211914 0.630371 0.213867 0.630371 0.214844 0.632324 0.218750 0.632324 0.219727 0.633789 0.222656 0.634277 0.222656 0.634766 0.223633 0.634766 0.224609 0.636230 0.227539 0.636719 0.227539 0.637207 0.228516 0.637207 0.229492 0.638672 0.232422 0.638672 0.233398 0.639160 0.234375 0.639160 0.235352 0.639648 0.236328 0.639648 0.237305 0.640625 0.239258 0.640625 0.240234 0.642090 0.243164 0.642090 0.244141 0.642578 0.245117 0.642578 0.246094 0.643555 0.249023 0.644531 0.249023 0.645996 0.250977 0.646973 0.250977 0.647461 0.250000 0.647949 0.250000 0.648438 0.249023 0.648926 0.249023 0.649414 0.248047 0.649902 0.248047 0.649902 0.246094 0.650391 0.245117 0.650391 0.242188 0.649902 0.241211 0.649902 0.239258 0.649414 0.238281 0.649414 0.235352 0.648926 0.234375 0.648926 0.231445 0.648438 0.230469 0.648438 0.229492 0.647949 0.228516 0.647949 0.227539 0.647461 0.226562 0.647461 0.225586 0.645996 0.222656 0.645996 0.221680 0.645020 0.219727 0.645020 0.218750 0.644531 0.217773 0.644531 0.216797 0.644043 0.216797 0.643555 0.215820 0.643555 0.214844 0.643066 0.213867 0.643066 0.211914 0.642578 0.210938 0.642578 0.208984 0.642090 0.208008 0.642090 0.205078 0.641113 0.202148 0.641113 0.200195 0.640625 0.199219 0.640625 0.198242 0.640137 0.197266 0.640137 0.196289 0.639160 0.194336 0.639160 0.193359 0.638184 0.191406 0.638184 0.190430 0.637695 0.189453 0.637695 0.187500 0.637207 0.186523 0.637207 0.183594 0.636719 0.182617 0.636719 0.180664 0.636230 0.180664 0.635742 0.179688 0.635742 0.178711 0.635254 0.177734 0.635254 0.176758 0.634277 0.174805 0.634277 0.173828 0.633789 0.172852 0.633789 0.171875 0.632324 0.168945 0.632324 0.167969 0.628906 0.161133 0.628418 0.161133 0.625000 0.154297 0.624512 0.154297 0.623047 0.152344
16 0.407227 0.149414 0.388672 0.174805 0.372559 0.175781 0.367676 0.186523 0.360840 0.188477 0.356445 0.201172 0.342285 0.225586 0.340332 0.237305 0.337402 0.243164 0.338867 0.263672 0.331543 0.285156 0.331055 0.298828 0.332520 0.317383 0.331543 0.318359 0.330078 0.337891 0.331543 0.343750 0.341797 0.363281 0.342285 0.375000 0.343750 0.377930 0.342285 0.382812 0.341309 0.381836 0.344727 0.388672 0.345215 0.399414 0.346680 0.393555 0.351562 0.392578 0.353516 0.395508 0.351074 0.400391 0.348633 0.401367 0.352539 0.412109 0.357422 0.415039 0.358398 0.418945 0.363281 0.418945 0.369629 0.431641 0.372559 0.433594 0.376953 0.443359 0.389160 0.445312 0.390137 0.447266 0.389648 0.460938 0.400879 0.461914 0.407227 0.467773 0.415039 0.468750 0.420410 0.466797 0.424316 0.456055 0.428223 0.453125 0.429688 0.446289 0.435547 0.441406 0.437500 0.427734 0.440430 0.418945 0.436035 0.415039 0.422363 0.414062 0.411621 0.416016 0.413574 0.416016 0.414062 0.418945 0.413086 0.420898 0.407715 0.420898 0.409180 0.416992 0.405762 0.412109 0.405762 0.398438 0.407715 0.391602 0.413086 0.393555 0.423828 0.403320 0.427734 0.401367 0.431152 0.410156 0.433594 0.410156 0.442383 0.401367 0.454590 0.399414 0.458496 0.390625 0.462402 0.389648 0.467285 0.379883 0.475098 0.371094 0.474121 0.354492 0.478027 0.340820 0.485352 0.333984 0.492188 0.336914 0.496094 0.335938 0.499512 0.329102 0.499512 0.322266 0.501465 0.318359 0.506836 0.319336 0.509277 0.316406 0.513184 0.303711 0.515137 0.286133 0.515137 0.250000 0.513672 0.237305 0.509766 0.238281 0.506348 0.225586 0.500000 0.223633 0.498047 0.220703 0.485840 0.220703 0.484863 0.217773 0.487305 0.210938 0.479004 0.205078 0.475098 0.195312 0.469727 0.194336 0.465820 0.187500 0.463379 0.187500 0.454102 0.179688 0.439453 0.160156 0.432617 0.163086 0.423828 0.162109 0.413574 0.151367
16 0.633301 0.252930 0.630859 0.248047 0.626953 0.249023 0.625488 0.246094 0.626953 0.240234 0.625977 0.225586 0.623535 0.219727 0.617676 0.195312 0.611328 0.188477 0.612305 0.182617 0.610352 0.171875 0.604004 0.151367 0.599121 0.144531 0.589355 0.137695 0.568359 0.109375 0.563965 0.109375 0.558594 0.115234 0.551758 0.117188 0.543457 0.117188 0.534180 0.112305 0.524902 0.113281 0.517578 0.119141 0.512695 0.127930 0.511719 0.135742 0.498047 0.137695 0.492676 0.145508 0.487305 0.148438 0.482422 0.155273 0.466309 0.151367 0.456543 0.161133 0.453613 0.168945 0.456055 0.176758 0.463867 0.183594 0.473145 0.186523 0.478516 0.197266 0.487793 0.205078 0.492676 0.204102 0.493164 0.196289 0.501953 0.186523 0.502441 0.187500 0.495605 0.197266 0.497559 0.209961 0.500977 0.212891 0.504883 0.219727 0.512207 0.224609 0.516602 0.232422 0.517578 0.269531 0.520020 0.277344 0.520020 0.288086 0.517090 0.294922 0.517090 0.302734 0.520996 0.305664 0.525879 0.314453 0.532227 0.317383 0.537109 0.316406 0.540527 0.322266 0.544922 0.318359 0.545898 0.320312 0.545410 0.329102 0.548340 0.331055 0.552734 0.324219 0.553711 0.302734 0.557129 0.294922 0.557129 0.266602 0.559570 0.262695 0.568359 0.258789 0.573242 0.268555 0.577637 0.269531 0.584961 0.266602 0.587402 0.275391 0.591309 0.274414 0.588379 0.269531 0.588379 0.266602 0.591309 0.260742 0.590820 0.253906 0.583008 0.244141 0.579590 0.225586 0.576172 0.218750 0.571289 0.214844 0.565430 0.201172 0.565430 0.197266 0.571777 0.211914 0.584473 0.218750 0.591797 0.236328 0.594727 0.247070 0.600586 0.250000 0.617676 0.250977 0.624512 0.253906
22 0.357422 0.776367 0.356934 0.777344 0.356934 0.780273 0.356445 0.781250 0.356445 0.784180 0.355957 0.785156 0.355957 0.788086 0.355469 0.789062 0.354980 0.789062 0.354980 0.791016 0.354492 0.791992 0.354492 0.793945 0.354004 0.794922 0.354004 0.797852 0.353516 0.798828 0.353516 0.801758 0.353027 0.802734 0.353027 0.811523 0.353516 0.812500 0.353516 0.813477 0.354004 0.814453 0.354004 0.816406 0.354492 0.817383 0.354492 0.818359 0.354980 0.819336 0.354980 0.821289 0.355469 0.821289 0.355957 0.822266 0.355957 0.823242 0.356445 0.824219 0.356445 0.826172 0.356934 0.827148 0.356934 0.828125 0.357422 0.829102 0.358887 0.829102 0.359375 0.830078 0.360840 0.830078 0.361328 0.829102 0.361816 0.829102 0.361816 0.828125 0.362793 0.826172 0.363281 0.826172 0.364746 0.823242 0.364746 0.822266 0.365723 0.820312 0.365723 0.818359 0.366211 0.817383 0.366211 0.812500 0.366699 0.811523 0.366699 0.802734 0.366211 0.801758 0.366211 0.792969 0.365723 0.791992 0.365723 0.791016 0.365234 0.790039 0.364746 0.790039 0.364258 0.789062 0.363770 0.789062 0.363281 0.788086 0.362305 0.788086 0.361816 0.787109 0.361328 0.787109 0.360840 0.786133 0.360352 0.786133 0.359863 0.785156 0.359863 0.784180 0.359375 0.783203 0.359375 0.782227 0.358887 0.781250 0.358887 0.780273 0.358398 0.779297 0.358398 0.778320 0.357910 0.777344 0.357910 0.776367
22 0.345703 0.715820 0.345703 0.716797 0.345215 0.717773 0.345215 0.720703 0.345703 0.721680 0.345703 0.723633 0.346191 0.724609 0.346191 0.728516 0.346680 0.729492 0.346680 0.732422 0.347168 0.733398 0.347168 0.736328 0.347656 0.736328 0.348145 0.737305 0.348145 0.739258 0.348633 0.740234 0.349121 0.740234 0.353516 0.749023 0.354004 0.749023 0.354492 0.748047 0.355469 0.748047 0.355957 0.747070 0.356445 0.747070 0.356934 0.746094 0.357422 0.746094 0.357910 0.745117 0.357910 0.744141 0.358887 0.742188 0.358887 0.741211 0.359863 0.739258 0.359863 0.731445 0.355957 0.723633 0.354980 0.723633 0.353027 0.719727 0.352539 0.719727 0.352051 0.718750 0.350586 0.718750 0.350098 0.717773 0.349121 0.717773 0.348633 0.716797 0.346680 0.716797 0.346191 0.715820
22 0.281250 0.533203 0.280762 0.533203 0.280273 0.532227 0.279297 0.532227 0.278809 0.533203 0.278320 0.533203 0.277832 0.534180 0.276855 0.534180 0.276367 0.535156 0.275879 0.535156 0.274902 0.537109 0.274902 0.538086 0.273926 0.540039 0.273926 0.541016 0.272949 0.542969 0.272949 0.543945 0.272461 0.544922 0.272461 0.551758 0.274414 0.555664 0.279297 0.555664 0.280762 0.552734 0.280762 0.551758 0.281250 0.550781 0.281250 0.549805 0.281738 0.548828 0.281738 0.547852 0.282227 0.546875 0.282227 0.545898 0.282715 0.544922 0.282715 0.542969 0.282227 0.541992 0.282227 0.539062 0.281738 0.538086 0.281738 0.535156 0.281250 0.534180
22 0.519043 0.426758 0.519043 0.427734 0.519531 0.427734 0.520020 0.428711 0.520020 0.429688 0.520508 0.430664 0.520508 0.432617 0.520996 0.433594 0.520996 0.434570 0.521484 0.435547 0.521484 0.436523 0.521973 0.436523 0.522949 0.438477 0.523438 0.438477 0.525391 0.442383 0.528809 0.442383 0.529297 0.443359 0.531738 0.443359 0.532227 0.442383 0.532715 0.442383 0.533691 0.440430 0.533691 0.438477 0.533203 0.437500 0.533203 0.435547 0.532715 0.434570 0.532715 0.433594 0.531738 0.431641 0.531738 0.430664 0.530273 0.427734 0.530273 0.426758 0.529297 0.424805 0.525391 0.424805 0.524902 0.423828 0.521484 0.423828 0.520508 0.425781 0.520020 0.425781 0.519531 0.426758
24 0.812012 0.667969 0.810547 0.669922 0.810547 0.676758 0.811523 0.679688 0.812012 0.684570 0.813965 0.691406 0.814453 0.696289 0.815430 0.699219 0.815430 0.704102 0.815918 0.705078 0.815918 0.711914 0.816406 0.711914 0.816895 0.712891 0.816895 0.721680 0.817383 0.722656 0.817383 0.729492 0.817871 0.730469 0.817871 0.735352 0.818359 0.736328 0.818359 0.738281 0.818848 0.739258 0.818848 0.741211 0.819336 0.742188 0.819824 0.747070 0.820312 0.748047 0.821289 0.752930 0.822266 0.754883 0.822754 0.757812 0.823242 0.757812 0.823730 0.758789 0.823730 0.759766 0.824219 0.759766 0.825195 0.761719 0.825195 0.762695 0.826172 0.765625 0.826660 0.765625 0.828125 0.767578 0.829102 0.767578 0.830566 0.769531 0.834961 0.769531 0.837402 0.764648 0.837891 0.764648 0.840820 0.759766 0.840820 0.751953 0.842285 0.749023 0.851074 0.749023 0.851562 0.748047 0.854004 0.746094 0.852539 0.743164 0.851562 0.743164 0.851074 0.742188 0.849609 0.742188 0.849121 0.741211 0.845215 0.741211 0.844238 0.738281 0.845215 0.735352 0.850098 0.735352 0.850586 0.734375 0.852051 0.734375 0.852539 0.733398 0.853516 0.733398 0.854004 0.732422 0.855957 0.732422 0.856445 0.731445 0.856934 0.731445 0.856934 0.728516 0.857422 0.727539 0.857422 0.724609 0.856934 0.723633 0.855957 0.723633 0.855469 0.722656 0.854004 0.721680 0.852539 0.718750 0.852051 0.718750 0.851562 0.717773 0.852051 0.716797 0.852539 0.713867 0.853516 0.711914 0.854004 0.708984 0.854980 0.707031 0.855469 0.707031 0.855469 0.706055 0.856445 0.704102 0.855469 0.702148 0.854492 0.702148 0.851562 0.697266 0.851562 0.694336 0.851074 0.693359 0.851074 0.688477 0.850586 0.687500 0.850586 0.685547 0.849609 0.683594 0.845703 0.683594 0.845215 0.682617 0.842285 0.682617 0.841309 0.680664 0.839844 0.673828 0.839355 0.673828 0.838379 0.670898 0.836426 0.670898 0.835938 0.671875 0.833984 0.671875 0.832520 0.669922 0.830566 0.669922 0.829590 0.667969 0.829102 0.667969 0.826660 0.665039 0.824707 0.665039 0.824219 0.666016 0.819824 0.666016 0.819336 0.666992 0.814453 0.666992 0.813965 0.667969
24 0.657227 0.601562 0.655273 0.625000 0.652832 0.633789 0.652832 0.645508 0.650391 0.651367 0.651855 0.662109 0.656738 0.667969 0.660156 0.668945 0.668945 0.676758 0.675293 0.686523 0.676758 0.686523 0.678711 0.689453 0.683105 0.703125 0.685059 0.706055 0.687012 0.722656 0.689941 0.733398 0.694336 0.745117 0.697754 0.750977 0.707031 0.760742 0.711426 0.769531 0.731934 0.778320 0.737305 0.777344 0.747559 0.780273 0.750977 0.784180 0.759277 0.780273 0.764160 0.785156 0.775879 0.785156 0.778809 0.782227 0.784180 0.783203 0.793945 0.775391 0.802246 0.775391 0.809082 0.765625 0.810059 0.750977 0.805664 0.728516 0.801270 0.672852 0.799316 0.668945 0.793457 0.643555 0.786133 0.627930 0.781738 0.623047 0.771484 0.602539 0.768066 0.599609 0.762207 0.600586 0.756348 0.595703 0.748047 0.592773 0.743652 0.588867 0.739746 0.580078 0.734863 0.580078 0.730469 0.574219 0.722168 0.573242 0.717773 0.568359 0.709473 0.567383 0.707520 0.570312 0.704102 0.572266 0.697754 0.567383 0.694824 0.562500 0.687012 0.559570 0.686523 0.561523 0.682129 0.562500 0.670898 0.579102 0.666016 0.583984
24 0.677246 0.438477 0.677246 0.439453 0.676270 0.442383 0.676270 0.447266 0.676758 0.448242 0.676758 0.452148 0.677246 0.453125 0.677246 0.454102 0.678223 0.456055 0.678223 0.457031 0.679199 0.458984 0.679688 0.461914 0.680664 0.463867 0.680664 0.464844 0.681152 0.465820 0.681641 0.468750 0.682617 0.470703 0.682617 0.471680 0.684082 0.473633 0.684082 0.474609 0.685059 0.477539 0.685059 0.479492 0.686035 0.482422 0.686035 0.484375 0.687012 0.487305 0.687012 0.489258 0.687988 0.491211 0.687988 0.493164 0.688965 0.496094 0.688965 0.498047 0.689453 0.499023 0.689941 0.501953 0.691406 0.501953 0.691895 0.502930 0.694336 0.502930 0.694824 0.503906 0.697266 0.503906 0.697754 0.504883 0.700195 0.504883 0.702637 0.507812 0.704590 0.507812 0.706055 0.509766 0.707031 0.509766 0.708496 0.511719 0.709473 0.511719 0.709961 0.510742 0.710938 0.510742 0.711426 0.509766 0.712891 0.509766 0.713379 0.508789 0.714844 0.508789 0.715332 0.507812 0.717773 0.507812 0.718262 0.506836 0.719238 0.506836 0.719727 0.505859 0.721191 0.505859 0.721680 0.504883 0.723145 0.504883 0.723633 0.503906 0.724609 0.503906 0.725098 0.502930 0.726074 0.502930 0.726562 0.501953 0.727539 0.501953 0.728027 0.500977 0.729492 0.500977 0.729980 0.500000 0.731445 0.500000 0.731934 0.499023 0.732910 0.499023 0.733398 0.498047 0.733887 0.498047 0.735352 0.495117 0.734863 0.492188 0.733398 0.489258 0.733398 0.488281 0.731934 0.485352 0.731934 0.484375 0.730469 0.481445 0.730469 0.480469 0.729980 0.480469 0.728516 0.477539 0.728516 0.476562 0.725586 0.470703 0.725586 0.469727 0.724609 0.467773 0.724609 0.466797 0.723145 0.463867 0.723145 0.462891 0.722656 0.461914 0.722168 0.461914 0.721191 0.459961 0.721191 0.458984 0.719727 0.456055 0.719727 0.455078 0.719238 0.455078 0.718262 0.453125 0.718262 0.452148 0.716797 0.449219 0.716797 0.448242 0.716309 0.447266 0.716309 0.446289 0.715820 0.445312 0.715820 0.444336 0.715332 0.443359 0.714844 0.440430 0.714355 0.440430 0.713867 0.439453 0.713867 0.437500 0.712891 0.435547 0.712891 0.434570 0.712402 0.433594 0.711914 0.430664 0.709473 0.425781 0.708984 0.425781 0.707031 0.421875 0.706543 0.421875 0.705566 0.419922 0.705078 0.419922 0.704102 0.417969 0.703613 0.417969 0.701660 0.414062 0.701172 0.414062 0.700684 0.413086 0.699707 0.413086 0.699219 0.412109 0.697754 0.412109 0.697266 0.411133 0.696289 0.411133 0.695801 0.412109 0.694824 0.412109 0.694336 0.413086 0.693359 0.413086 0.692871 0.414062 0.692383 0.414062 0.691406 0.416016 0.690430 0.416016 0.688477 0.419922 0.687500 0.419922 0.684082 0.425781 0.683105 0.425781 0.681152 0.429688 0.680664 0.429688 0.679199 0.432617 0.678711 0.435547
24 0.719727 0.419922 0.719727 0.420898 0.719238 0.421875 0.719238 0.423828 0.718750 0.424805 0.718750 0.426758 0.719238 0.427734 0.719238 0.428711 0.719727 0.429688 0.719727 0.430664 0.720215 0.431641 0.721191 0.436523 0.722168 0.438477 0.722168 0.439453 0.722656 0.439453 0.723633 0.441406 0.724121 0.444336 0.725098 0.446289 0.725098 0.447266 0.726074 0.449219 0.726074 0.450195 0.729980 0.458008 0.730469 0.458008 0.733398 0.463867 0.733398 0.464844 0.737793 0.473633 0.738281 0.473633 0.741211 0.479492 0.741211 0.480469 0.742676 0.483398 0.742676 0.484375 0.743652 0.486328 0.743652 0.487305 0.745605 0.491211 0.746094 0.491211 0.747070 0.493164 0.747070 0.494141 0.747559 0.495117 0.749023 0.495117 0.749512 0.494141 0.751953 0.494141 0.752441 0.493164 0.753906 0.493164 0.754883 0.491211 0.756348 0.490234 0.757812 0.487305 0.758301 0.487305 0.759277 0.485352 0.760742 0.485352 0.761230 0.484375 0.764160 0.484375 0.764648 0.483398 0.767090 0.483398 0.767578 0.482422 0.770508 0.482422 0.770996 0.481445 0.773438 0.481445 0.773926 0.480469 0.774902 0.480469 0.775391 0.479492 0.775391 0.478516 0.776367 0.476562 0.776367 0.475586 0.776855 0.474609 0.777344 0.474609 0.779297 0.470703 0.779297 0.469727 0.780273 0.467773 0.780273 0.466797 0.781250 0.464844 0.781250 0.463867 0.783691 0.458984 0.785156 0.458008 0.787109 0.454102 0.787109 0.451172 0.786621 0.450195 0.786621 0.446289 0.786133 0.445312 0.785156 0.440430 0.784668 0.440430 0.783691 0.438477 0.783691 0.437500 0.782715 0.435547 0.782715 0.434570 0.781250 0.431641 0.780762 0.431641 0.777344 0.425781 0.776367 0.425781 0.772949 0.419922 0.771973 0.419922 0.769531 0.416016 0.768066 0.415039 0.766602 0.412109 0.766113 0.412109 0.765625 0.411133 0.764160 0.410156 0.763184 0.408203 0.762695 0.408203 0.762207 0.407227 0.761230 0.407227 0.759766 0.405273 0.754395 0.405273 0.753906 0.404297 0.747559 0.404297 0.746094 0.406250 0.745117 0.406250 0.744629 0.407227 0.743652 0.407227 0.741211 0.410156 0.740234 0.410156 0.739746 0.411133 0.739258 0.411133 0.738770 0.412109 0.737793 0.412109 0.737305 0.413086 0.732422 0.413086 0.731934 0.412109 0.726562 0.412109 0.725098 0.414062 0.724121 0.414062 0.723633 0.415039 0.722168 0.416016 0.720215 0.419922
27 0.651855 0.274414 0.654297 0.280273 0.657715 0.276367 0.660645 0.282227 0.662598 0.298828 0.667480 0.308594 0.669922 0.321289 0.684570 0.349609 0.685547 0.358398 0.691895 0.366211 0.701172 0.395508 0.709961 0.412109 0.716797 0.417969 0.718750 0.413086 0.723145 0.412109 0.728027 0.407227 0.735840 0.408203 0.745605 0.400391 0.758301 0.400391 0.771973 0.414062 0.781250 0.418945 0.787109 0.427734 0.792969 0.432617 0.798340 0.444336 0.804199 0.449219 0.810547 0.450195 0.816895 0.459961 0.826660 0.447266 0.831543 0.436523 0.838867 0.429688 0.871094 0.427734 0.881836 0.437500 0.896484 0.436523 0.905762 0.443359 0.911133 0.443359 0.923828 0.433594 0.937988 0.427734 0.940430 0.419922 0.944824 0.418945 0.955566 0.405273 0.966309 0.400391 0.971680 0.393555 0.979492 0.389648 0.999512 0.387695 0.999512 0.356445 0.974121 0.335938 0.956055 0.333008 0.918945 0.343750 0.873535 0.321289 0.842285 0.322266 0.834473 0.327148 0.816895 0.327148 0.812012 0.325195 0.803711 0.313477 0.795898 0.307617 0.778320 0.302734 0.757812 0.288086 0.741211 0.285156 0.727539 0.276367 0.688477 0.275391 0.685547 0.270508 0.665039 0.273438 0.654297 0.272461
27 0.596680 0.258789 0.595703 0.263672 0.596680 0.275391 0.597656 0.275391 0.600098 0.280273 0.600098 0.289062 0.601562 0.293945 0.600586 0.331055 0.602539 0.346680 0.607910 0.362305 0.610352 0.378906 0.615723 0.392578 0.607422 0.413086 0.608398 0.416992 0.607422 0.440430 0.603516 0.447266 0.601562 0.455078 0.591309 0.471680 0.588379 0.474609 0.587402 0.490234 0.583984 0.495117 0.590332 0.507812 0.591309 0.511719 0.591797 0.517578 0.590332 0.530273 0.591797 0.532227 0.592285 0.538086 0.593750 0.542969 0.596680 0.548828 0.602051 0.552734 0.620117 0.554688 0.628906 0.550781 0.638184 0.540039 0.645996 0.537109 0.653809 0.529297 0.657715 0.542969 0.657715 0.558594 0.659668 0.552734 0.669922 0.554688 0.673828 0.546875 0.673340 0.538086 0.681152 0.525391 0.686523 0.510742 0.686523 0.502930 0.685059 0.496094 0.682617 0.489258 0.677246 0.464844 0.672852 0.452148 0.672363 0.445312 0.673828 0.432617 0.683594 0.416992 0.688965 0.403320 0.691406 0.399414 0.688477 0.392578 0.685547 0.388672 0.685059 0.383789 0.682129 0.377930 0.679199 0.368164 0.654785 0.311523 0.645996 0.283203 0.638672 0.266602 0.626953 0.258789 0.615234 0.255859 0.605957 0.254883
33 0.881836 0.871094 0.881836 0.880859 0.884277 0.890625 0.892090 0.899414 0.889648 0.904297 0.885254 0.905273 0.893555 0.926758 0.893555 0.934570 0.891113 0.939453 0.891602 0.947266 0.894043 0.955078 0.894043 0.958984 0.895020 0.959961 0.895020 0.961914 0.898438 0.964844 0.901855 0.973633 0.905273 0.974609 0.907227 0.972656 0.909180 0.972656 0.912109 0.970703 0.914551 0.975586 0.917480 0.984375 0.918945 0.986328 0.921875 0.984375 0.927734 0.985352 0.932617 0.994141 0.933105 0.999023 0.976074 0.999023 0.976562 0.992188 0.978027 0.989258 0.981445 0.990234 0.983398 0.992188 0.989746 0.992188 0.993164 0.989258 0.999512 0.989258 0.999512 0.875977 0.998535 0.875977 0.996582 0.869141 0.994629 0.866211 0.993652 0.866211 0.992676 0.864258 0.986328 0.858398 0.978027 0.855469 0.974609 0.848633 0.971680 0.847656 0.966797 0.842773 0.961426 0.840820 0.958008 0.845703 0.951172 0.833984 0.940918 0.833008 0.939453 0.834961 0.932129 0.834961 0.923340 0.845703 0.918945 0.843750 0.914062 0.848633 0.906250 0.849609 0.900391 0.856445 0.888672 0.857422
33 0.304199 0.488281 0.301270 0.498047 0.299805 0.500977 0.300293 0.507812 0.301270 0.508789 0.302734 0.525391 0.304199 0.527344 0.303711 0.538086 0.300293 0.544922 0.301270 0.546875 0.301758 0.551758 0.306152 0.557617 0.318359 0.559570 0.319336 0.561523 0.320312 0.561523 0.323730 0.568359 0.324707 0.568359 0.326660 0.572266 0.331055 0.577148 0.332031 0.577148 0.333008 0.579102 0.335449 0.580078 0.348633 0.606445 0.352051 0.615234 0.354004 0.618164 0.354980 0.624023 0.355957 0.625000 0.356934 0.631836 0.357910 0.633789 0.359375 0.642578 0.367676 0.657227 0.377930 0.658203 0.380371 0.656250 0.383301 0.649414 0.384277 0.635742 0.385742 0.632812 0.386719 0.632812 0.389648 0.627930 0.393555 0.625000 0.395020 0.625000 0.402344 0.616211 0.405762 0.608398 0.410645 0.604492 0.411133 0.589844 0.408203 0.581055 0.407227 0.559570 0.403809 0.545898 0.399414 0.537109 0.399414 0.527344 0.395996 0.515625 0.395996 0.512695 0.394531 0.504883 0.391113 0.500977 0.390137 0.501953 0.389648 0.499023 0.388184 0.498047 0.385742 0.493164 0.382812 0.484375 0.376953 0.475586 0.373535 0.463867 0.365234 0.449219 0.361816 0.451172 0.353027 0.450195 0.341797 0.470703 0.337402 0.465820 0.331055 0.464844 0.323242 0.471680 0.317871 0.472656 0.315918 0.474609 0.313477 0.479492