8 0.197266 0.961914 0.196777 0.962891 0.196289 0.962891 0.195312 0.964844 0.194824 0.964844 0.193848 0.966797 0.193359 0.966797 0.192871 0.967773 0.192871 0.968750 0.192383 0.969727 0.192383 0.970703 0.191895 0.971680 0.191895 0.972656 0.191406 0.973633 0.190918 0.973633 0.190918 0.974609 0.191406 0.974609 0.191895 0.975586 0.191895 0.976562 0.192383 0.977539 0.192383 0.978516 0.192871 0.979492 0.193359 0.978516 0.193848 0.978516 0.195312 0.975586 0.195801 0.975586 0.197266 0.972656 0.198242 0.972656 0.198242 0.970703 0.197754 0.969727 0.197754 0.964844 0.197266 0.963867
8 0.068848 0.940430 0.068359 0.940430 0.067871 0.939453 0.067383 0.939453 0.066895 0.938477 0.065430 0.938477 0.064941 0.939453 0.063477 0.939453 0.062988 0.940430 0.061523 0.940430 0.061035 0.941406 0.060059 0.941406 0.059570 0.942383 0.059570 0.943359 0.059082 0.944336 0.059082 0.945312 0.059570 0.946289 0.059570 0.947266 0.060547 0.949219 0.061035 0.949219 0.061523 0.948242 0.062988 0.948242 0.063477 0.947266 0.064941 0.947266 0.065430 0.946289 0.066406 0.946289 0.067871 0.943359 0.067871 0.942383
8 0.829102 0.938477 0.829102 0.941406 0.829590 0.942383 0.829590 0.945312 0.830566 0.950195 0.830078 0.962891 0.831055 0.964844 0.835449 0.965820 0.835938 0.964844 0.838379 0.964844 0.838867 0.963867 0.841797 0.963867 0.842285 0.962891 0.847656 0.961914 0.850098 0.964844 0.851074 0.964844 0.853027 0.966797 0.854004 0.968750 0.853516 0.969727 0.853027 0.974609 0.857910 0.972656 0.859375 0.974609 0.877930 0.974609 0.878418 0.975586 0.881348 0.975586 0.881836 0.976562 0.884277 0.976562 0.884766 0.977539 0.887695 0.977539 0.888184 0.978516 0.889160 0.978516 0.891602 0.982422 0.888672 0.989258 0.888184 0.999023 0.896484 0.999023 0.896484 0.996094 0.899414 0.991211 0.900879 0.990234 0.901367 0.987305 0.902344 0.986328 0.902832 0.984375 0.907715 0.979492 0.909180 0.976562 0.909180 0.975586 0.911621 0.971680 0.913574 0.973633 0.915527 0.977539 0.923828 0.976562 0.924316 0.977539 0.927246 0.977539 0.927734 0.978516 0.930176 0.978516 0.930664 0.979492 0.931641 0.979492 0.933105 0.977539 0.935059 0.976562 0.936523 0.971680 0.936035 0.965820 0.933594 0.958008 0.933105 0.958008 0.932129 0.955078 0.930176 0.953125 0.927246 0.948242 0.925293 0.947266 0.923828 0.945312 0.922852 0.945312 0.921387 0.943359 0.920410 0.943359 0.917969 0.940430 0.916504 0.940430 0.914062 0.937500 0.912598 0.937500 0.910156 0.933594 0.909180 0.933594 0.906738 0.930664 0.905273 0.930664 0.902832 0.928711 0.900879 0.928711 0.898438 0.926758 0.882812 0.926758 0.882324 0.927734 0.877441 0.928711 0.875000 0.930664 0.870117 0.931641 0.869629 0.932617 0.867676 0.932617 0.867188 0.933594 0.845215 0.931641 0.845215 0.936523 0.847168 0.944336 0.847656 0.944336 0.848633 0.947266 0.846680 0.949219 0.841797 0.946289 0.840332 0.944336 0.837402 0.943359 0.832031 0.938477 0.830566 0.938477 0.830078 0.937500
8 0.084473 0.912109 0.083008 0.912109 0.082520 0.911133 0.080078 0.911133 0.079590 0.912109 0.078613 0.912109 0.078125 0.913086 0.077148 0.913086 0.076660 0.914062 0.076172 0.914062 0.076172 0.915039 0.075684 0.916016 0.075684 0.917969 0.075195 0.918945 0.075195 0.920898 0.075684 0.921875 0.075684 0.923828 0.078125 0.923828 0.078613 0.922852 0.081055 0.922852 0.081543 0.921875 0.082520 0.921875 0.083008 0.920898 0.083496 0.920898 0.083984 0.919922 0.084473 0.919922 0.084961 0.918945 0.084961 0.916016 0.084473 0.915039
8 0.184082 0.867188 0.183105 0.867188 0.182617 0.866211 0.182129 0.867188 0.181641 0.867188 0.180664 0.869141 0.180176 0.869141 0.179688 0.870117 0.179688 0.872070 0.179199 0.873047 0.179199 0.875000 0.179688 0.875977 0.179688 0.876953 0.180176 0.877930 0.180664 0.877930 0.181152 0.876953 0.181641 0.876953 0.182617 0.875000 0.182617 0.874023 0.183105 0.873047 0.183594 0.873047 0.184570 0.871094 0.184570 0.870117 0.185059 0.869141
8 0.166504 0.843750 0.166016 0.842773 0.164551 0.842773 0.164062 0.841797 0.162598 0.841797 0.162109 0.842773 0.161621 0.842773 0.160645 0.844727 0.159668 0.844727 0.159180 0.845703 0.158691 0.845703 0.158203 0.846680 0.158203 0.849609 0.163574 0.849609 0.164551 0.847656 0.165039 0.847656 0.165039 0.846680
8 0.144531 0.833008 0.144043 0.833008 0.143555 0.832031 0.143555 0.831055 0.142578 0.831055 0.142090 0.832031 0.141113 0.832031 0.140625 0.833008 0.140625 0.833984 0.140137 0.834961 0.140137 0.835938 0.139648 0.836914 0.139648 0.839844 0.142090 0.839844 0.142578 0.838867 0.143066 0.838867 0.143555 0.837891 0.144531 0.837891 0.145020 0.836914 0.145020 0.835938 0.144531 0.834961
8 0.152832 0.823242 0.152832 0.825195 0.153320 0.826172 0.153320 0.827148 0.154297 0.829102 0.154785 0.829102 0.155273 0.828125 0.155762 0.828125 0.156738 0.830078 0.156738 0.831055 0.157227 0.832031 0.158203 0.830078 0.158691 0.830078 0.159180 0.829102 0.160156 0.829102 0.160156 0.828125 0.159668 0.828125 0.159180 0.827148 0.159180 0.826172 0.158691 0.825195 0.158691 0.824219 0.158203 0.823242 0.158203 0.822266 0.157227 0.822266 0.156738 0.823242 0.155762 0.823242 0.154785 0.821289 0.154297 0.821289 0.153809 0.820312 0.153320 0.821289 0.153320 0.822266
8 0.362305 0.722656 0.359375 0.722656 0.358887 0.723633 0.357910 0.723633 0.357422 0.724609 0.356934 0.724609 0.356445 0.725586 0.355957 0.725586 0.355469 0.726562 0.354980 0.726562 0.355469 0.726562 0.356934 0.729492 0.360352 0.729492 0.360840 0.728516 0.361328 0.728516 0.362305 0.726562
8 0.706543 0.703125 0.706055 0.704102 0.706055 0.705078 0.706543 0.706055 0.706543 0.707031 0.707031 0.707031 0.708496 0.709961 0.708984 0.709961 0.709473 0.710938 0.709961 0.710938 0.710449 0.711914 0.711426 0.709961 0.711426 0.708984 0.712402 0.707031 0.712402 0.706055 0.711914 0.705078 0.711914 0.704102 0.711426 0.703125 0.711426 0.702148 0.710449 0.702148 0.709961 0.701172 0.708496 0.701172 0.707520 0.703125
8 0.900879 0.669922 0.899414 0.672852 0.899414 0.678711 0.899902 0.679688 0.899902 0.680664 0.900391 0.681641 0.900391 0.682617 0.900879 0.683594 0.900879 0.684570 0.901367 0.685547 0.901367 0.686523 0.902344 0.686523 0.902832 0.687500 0.903320 0.687500 0.904297 0.689453 0.904785 0.689453 0.905762 0.691406 0.906250 0.691406 0.907227 0.693359 0.907715 0.693359 0.909668 0.697266 0.910645 0.697266 0.912109 0.700195 0.912109 0.698242 0.911621 0.697266 0.911621 0.694336 0.911133 0.693359 0.911133 0.692383 0.911621 0.691406 0.912109 0.691406 0.912598 0.690430 0.913574 0.690430 0.913086 0.689453 0.912598 0.689453 0.912109 0.688477 0.912109 0.685547 0.911621 0.684570 0.911621 0.682617 0.911133 0.681641 0.911133 0.680664 0.910645 0.679688 0.910645 0.678711 0.910156 0.677734 0.909668 0.677734 0.909180 0.676758 0.908691 0.676758 0.907227 0.673828 0.906738 0.673828 0.905762 0.671875 0.904785 0.671875 0.904297 0.670898 0.902832 0.670898 0.902344 0.669922
8 0.999512 0.508789 0.998535 0.508789 0.998047 0.507812 0.995605 0.507812 0.995117 0.506836 0.993164 0.506836 0.992676 0.505859 0.991211 0.505859 0.990723 0.504883 0.988770 0.504883 0.988281 0.503906 0.985840 0.503906 0.985352 0.502930 0.984375 0.502930 0.984375 0.504883 0.984863 0.505859 0.984863 0.507812 0.985352 0.508789 0.985352 0.510742 0.984863 0.511719 0.984863 0.512695 0.983887 0.514648 0.983887 0.515625 0.982422 0.518555 0.982422 0.519531 0.981445 0.521484 0.981445 0.522461 0.980957 0.523438 0.979492 0.523438 0.979004 0.524414 0.977539 0.524414 0.977051 0.525391 0.975098 0.525391 0.974609 0.526367 0.970215 0.526367 0.969727 0.527344 0.967773 0.527344 0.967285 0.528320 0.966309 0.528320 0.966309 0.530273 0.966797 0.531250 0.966797 0.534180 0.967285 0.535156 0.967285 0.539062 0.967773 0.540039 0.967773 0.542969 0.968262 0.543945 0.968262 0.545898 0.968750 0.546875 0.968750 0.548828 0.983887 0.548828 0.984375 0.547852 0.999512 0.547852
11 0.538574 0.773438 0.537109 0.776367 0.536621 0.776367 0.536621 0.777344 0.535156 0.780273 0.534668 0.780273 0.535156 0.780273 0.537598 0.785156 0.537598 0.786133 0.538086 0.787109 0.538086 0.788086 0.538574 0.789062 0.538574 0.790039 0.539062 0.791016 0.539551 0.793945 0.540527 0.795898 0.540527 0.796875 0.541016 0.797852 0.541016 0.798828 0.541504 0.799805 0.541504 0.800781 0.541992 0.801758 0.542480 0.804688 0.542969 0.804688 0.543457 0.805664 0.543457 0.806641 0.543945 0.807617 0.544434 0.810547 0.545410 0.812500 0.545410 0.816406 0.542969 0.821289 0.542480 0.821289 0.541992 0.822266 0.542480 0.825195 0.542969 0.825195 0.543945 0.828125 0.543945 0.829102 0.543457 0.830078 0.543457 0.832031 0.542969 0.833008 0.542480 0.833008 0.542480 0.836914 0.542969 0.836914 0.543457 0.837891 0.543457 0.839844 0.550293 0.853516 0.550781 0.853516 0.552246 0.856445 0.552246 0.857422 0.552734 0.858398 0.552734 0.860352 0.553223 0.861328 0.553223 0.864258 0.553711 0.865234 0.554199 0.868164 0.555176 0.870117 0.555664 0.870117 0.558105 0.875000 0.559082 0.875000 0.560059 0.876953 0.563965 0.876953 0.564453 0.875977 0.564941 0.875977 0.565918 0.874023 0.567383 0.873047 0.568359 0.871094 0.568359 0.855469 0.566406 0.851562 0.565918 0.851562 0.564453 0.848633 0.564453 0.846680 0.564941 0.845703 0.564941 0.839844 0.565430 0.838867 0.565430 0.833008 0.565918 0.832031 0.566406 0.832031 0.566406 0.830078 0.566895 0.829102 0.567383 0.826172 0.568359 0.824219 0.568359 0.823242 0.569336 0.821289 0.569336 0.820312 0.570312 0.817383 0.570312 0.815430 0.569824 0.814453 0.569824 0.812500 0.569336 0.811523 0.569336 0.808594 0.568848 0.807617 0.568848 0.804688 0.568359 0.803711 0.568359 0.798828 0.568848 0.797852 0.568848 0.794922 0.568359 0.793945 0.568359 0.792969 0.567871 0.791992 0.567383 0.789062 0.566406 0.787109 0.565430 0.787109 0.564453 0.785156 0.563965 0.785156 0.562500 0.782227 0.562012 0.782227 0.561035 0.780273 0.560547 0.780273 0.560059 0.779297 0.559082 0.779297 0.558594 0.778320 0.556641 0.778320 0.556152 0.777344 0.554688 0.777344 0.554199 0.776367 0.549805 0.776367 0.549316 0.775391 0.546387 0.775391 0.545898 0.776367 0.543945 0.776367 0.542969 0.774414 0.541992 0.774414 0.541016 0.772461 0.540039 0.772461 0.539551 0.773438
11 0.850586 0.788086 0.851562 0.791992 0.851562 0.801758 0.853516 0.807617 0.854492 0.828125 0.853516 0.834961 0.848633 0.843750 0.848633 0.853516 0.853027 0.862305 0.858398 0.862305 0.861328 0.868164 0.864746 0.871094 0.869141 0.867188 0.871094 0.868164 0.872559 0.872070 0.873535 0.880859 0.871094 0.885742 0.867188 0.887695 0.860840 0.886719 0.856934 0.890625 0.855957 0.899414 0.852539 0.904297 0.852051 0.913086 0.849609 0.917969 0.842285 0.919922 0.845215 0.925781 0.850098 0.923828 0.860352 0.929688 0.867676 0.926758 0.878906 0.926758 0.884766 0.922852 0.904297 0.925781 0.917969 0.936523 0.923828 0.944336 0.929199 0.946289 0.932129 0.952148 0.934570 0.954102 0.936035 0.957031 0.937988 0.966797 0.937012 0.982422 0.939941 0.990234 0.941406 0.990234 0.945312 0.995117 0.945801 0.999023 0.999512 0.999023 0.999512 0.932617 0.996582 0.928711 0.992188 0.913086 0.976562 0.882812 0.971680 0.870117 0.966797 0.850586 0.958984 0.833984 0.955078 0.833008 0.946777 0.826172 0.939941 0.825195 0.935547 0.817383 0.929688 0.812500 0.917480 0.810547 0.912598 0.794922 0.915039 0.788086 0.912109 0.781250 0.907227 0.777344 0.904297 0.767578 0.894043 0.765625 0.888672 0.760742 0.880371 0.762695 0.864746 0.761719 0.863770 0.769531 0.859375 0.774414 0.864258 0.780273 0.863770 0.784180 0.860840 0.787109 0.857910 0.783203 0.855957 0.783203
11 0.229004 0.654297 0.215332 0.655273 0.208008 0.662109 0.207520 0.667969 0.206543 0.668945 0.205078 0.682617 0.197754 0.691406 0.188477 0.705078 0.186035 0.718750 0.184082 0.723633 0.183105 0.723633 0.182617 0.732422 0.180664 0.740234 0.172852 0.758789 0.173340 0.774414 0.179688 0.778320 0.184082 0.779297 0.190918 0.804688 0.189941 0.819336 0.187500 0.830078 0.187500 0.839844 0.189453 0.847656 0.192383 0.854492 0.192871 0.872070 0.184570 0.899414 0.183105 0.901367 0.182617 0.906250 0.185059 0.911133 0.192383 0.908203 0.199707 0.901367 0.205078 0.901367 0.219727 0.911133 0.233398 0.908203 0.241211 0.912109 0.248535 0.906250 0.251465 0.901367 0.260254 0.899414 0.266113 0.888672 0.273438 0.882812 0.273926 0.876953 0.279297 0.869141 0.280273 0.862305 0.285156 0.853516 0.290039 0.833008 0.293457 0.828125 0.294922 0.816406 0.295898 0.780273 0.297852 0.774414 0.294922 0.759766 0.290039 0.750000 0.281738 0.742188 0.279297 0.733398 0.274414 0.724609 0.272949 0.717773 0.267578 0.705078 0.249023 0.687500 0.241211 0.673828 0.239258 0.663086
11 0.567871 0.556641 0.561035 0.558594 0.557129 0.565430 0.556641 0.572266 0.553711 0.576172 0.550293 0.577148 0.548340 0.579102 0.536621 0.579102 0.533203 0.583008 0.530273 0.587891 0.522949 0.590820 0.519531 0.597656 0.518066 0.598633 0.511719 0.611328 0.508301 0.616211 0.504883 0.623047 0.504395 0.625977 0.503418 0.626953 0.502930 0.631836 0.501953 0.633789 0.502441 0.641602 0.505371 0.645508 0.507812 0.650391 0.509277 0.651367 0.511230 0.655273 0.511719 0.655273 0.514160 0.664062 0.516602 0.668945 0.517090 0.668945 0.519043 0.672852 0.520020 0.672852 0.523926 0.676758 0.524902 0.678711 0.526855 0.686523 0.527832 0.686523 0.529297 0.691406 0.533203 0.695312 0.543457 0.696289 0.544922 0.699219 0.544922 0.704102 0.547852 0.716797 0.547363 0.724609 0.548828 0.728516 0.552734 0.728516 0.559570 0.735352 0.562012 0.732422 0.562500 0.726562 0.563477 0.723633 0.568359 0.723633 0.568848 0.722656 0.570312 0.722656 0.572266 0.719727 0.573242 0.714844 0.574219 0.713867 0.574219 0.711914 0.575684 0.707031 0.575684 0.705078 0.576660 0.703125 0.577148 0.699219 0.578613 0.694336 0.578613 0.682617 0.574707 0.672852 0.574707 0.633789 0.575684 0.631836 0.576172 0.627930 0.574219 0.622070 0.573242 0.621094 0.573242 0.619141 0.574219 0.618164 0.574219 0.616211 0.574707 0.615234 0.576172 0.600586 0.577148 0.596680 0.576172 0.570312 0.575684 0.569336 0.575684 0.566406 0.574219 0.562500 0.573242 0.562500
11 0.516113 0.488281 0.511719 0.481445 0.509766 0.481445 0.509277 0.480469 0.506348 0.479492 0.504395 0.477539 0.502441 0.477539 0.498535 0.473633 0.495605 0.472656 0.494141 0.470703 0.490234 0.471680 0.489746 0.472656 0.487305 0.472656 0.486816 0.473633 0.481934 0.473633 0.481445 0.474609 0.479980 0.474609 0.476562 0.478516 0.473633 0.477539 0.473145 0.476562 0.471191 0.476562 0.470703 0.475586 0.469238 0.475586 0.468750 0.474609 0.467285 0.474609 0.466309 0.473633 0.460938 0.479492 0.459473 0.484375 0.459473 0.486328 0.458496 0.488281 0.455078 0.488281 0.449707 0.482422 0.448730 0.482422 0.447266 0.480469 0.443848 0.479492 0.443359 0.478516 0.434570 0.480469 0.433105 0.482422 0.432617 0.484375 0.427246 0.495117 0.427246 0.496094 0.425781 0.499023 0.425293 0.499023 0.423828 0.511719 0.421875 0.515625 0.421387 0.524414 0.420898 0.525391 0.420898 0.529297 0.420410 0.530273 0.420410 0.560547 0.424805 0.567383 0.427246 0.568359 0.428711 0.570312 0.429688 0.570312 0.432129 0.573242 0.433594 0.573242 0.437500 0.577148 0.457520 0.575195 0.459961 0.571289 0.459961 0.542969 0.460449 0.541992 0.461426 0.534180 0.463867 0.528320 0.464844 0.528320 0.470703 0.522461 0.482422 0.520508 0.487793 0.514648 0.489746 0.513672 0.490723 0.511719 0.494629 0.507812 0.496582 0.507812 0.498047 0.505859 0.513672 0.504883 0.515137 0.502930
11 0.521973 0.413086 0.522949 0.422852 0.523926 0.424805 0.523926 0.425781 0.525879 0.429688 0.525879 0.430664 0.526855 0.432617 0.527344 0.432617 0.527832 0.433594 0.527832 0.434570 0.528809 0.436523 0.529297 0.436523 0.529785 0.437500 0.529785 0.438477 0.530762 0.440430 0.528320 0.446289 0.528320 0.457031 0.531738 0.463867 0.533203 0.463867 0.533691 0.464844 0.537598 0.464844 0.538086 0.465820 0.541504 0.465820 0.541992 0.466797 0.545898 0.466797 0.546387 0.467773 0.547852 0.467773 0.548340 0.468750 0.548828 0.468750 0.549805 0.470703 0.550781 0.470703 0.551758 0.472656 0.553223 0.472656 0.553711 0.473633 0.554688 0.473633 0.555176 0.474609 0.556641 0.474609 0.557129 0.475586 0.558594 0.475586 0.559082 0.476562 0.568848 0.476562 0.569336 0.477539 0.569824 0.477539 0.570801 0.479492 0.571289 0.479492 0.572754 0.482422 0.573242 0.482422 0.573730 0.483398 0.575684 0.483398 0.576172 0.484375 0.577637 0.484375 0.578125 0.483398 0.579102 0.483398 0.579590 0.482422 0.582031 0.481445 0.582031 0.478516 0.582520 0.477539 0.582520 0.472656 0.583008 0.471680 0.583008 0.468750 0.583496 0.467773 0.583984 0.467773 0.584961 0.465820 0.585449 0.465820 0.586914 0.462891 0.587402 0.462891 0.587891 0.461914 0.587891 0.458984 0.587402 0.458008 0.587402 0.452148 0.586914 0.451172 0.586914 0.448242 0.584473 0.443359 0.583984 0.443359 0.582031 0.439453 0.581543 0.439453 0.580566 0.437500 0.580078 0.437500 0.579102 0.435547 0.578613 0.435547 0.576172 0.430664 0.576172 0.429688 0.575684 0.428711 0.575684 0.425781 0.575195 0.424805 0.574707 0.421875 0.574219 0.420898 0.573730 0.420898 0.571777 0.416992 0.571777 0.416016 0.571289 0.415039 0.571289 0.412109 0.570801 0.411133 0.570801 0.409180 0.570312 0.408203 0.570312 0.405273 0.569824 0.404297 0.569824 0.403320 0.566895 0.398438 0.565918 0.398438 0.565430 0.397461 0.564941 0.397461 0.560547 0.392578 0.552734 0.392578 0.552246 0.393555 0.544434 0.393555 0.542969 0.395508 0.541992 0.395508 0.541016 0.397461 0.539551 0.398438 0.538574 0.400391 0.538086 0.400391 0.537598 0.401367 0.535645 0.401367 0.535156 0.402344 0.532715 0.402344 0.532227 0.403320 0.530762 0.403320 0.530273 0.404297 0.528320 0.404297 0.527832 0.405273 0.526367 0.405273
12 0.185547 0.691406 0.176270 0.676758 0.169434 0.669922 0.159180 0.671875 0.149414 0.681641 0.136230 0.682617 0.122559 0.711914 0.114258 0.722656 0.108398 0.723633 0.102539 0.732422 0.098145 0.750000 0.096191 0.752930 0.086914 0.758789 0.076172 0.771484 0.060059 0.779297 0.055176 0.788086 0.039062 0.801758 0.033691 0.812500 0.024902 0.820312 0.020020 0.835938 0.014160 0.847656 0.005371 0.854492 0.001465 0.863281 0.000000 0.863281 0.000000 0.999023 0.045410 0.999023 0.046875 0.994141 0.054688 0.990234 0.062988 0.981445 0.071777 0.965820 0.079590 0.962891 0.085938 0.952148 0.091309 0.948242 0.100098 0.932617 0.104980 0.927734 0.115234 0.926758 0.124023 0.917969 0.138672 0.916992 0.144043 0.921875 0.160645 0.924805 0.165039 0.921875 0.169922 0.922852 0.178223 0.916016 0.186035 0.886719 0.185059 0.882812 0.179199 0.876953 0.179199 0.870117 0.182617 0.865234 0.185547 0.869141 0.184570 0.872070 0.188965 0.875977 0.191406 0.871094 0.191406 0.867188 0.185059 0.843750 0.185059 0.832031 0.187500 0.812500 0.184570 0.805664 0.170898 0.805664 0.166504 0.803711 0.164062 0.798828 0.164062 0.792969 0.169434 0.777344 0.168945 0.764648 0.174805 0.743164 0.180176 0.732422 0.180176 0.719727 0.186523 0.701172
12 0.372559 0.639648 0.371094 0.636719 0.371094 0.635742 0.366211 0.630859 0.358887 0.631836 0.357422 0.633789 0.354492 0.634766 0.349609 0.639648 0.347656 0.643555 0.346680 0.643555 0.344238 0.648438 0.341797 0.651367 0.338379 0.651367 0.337891 0.652344 0.336426 0.652344 0.335938 0.653320 0.334473 0.653320 0.333984 0.654297 0.331543 0.655273 0.324219 0.663086 0.323242 0.663086 0.318359 0.667969 0.315430 0.674805 0.315430 0.684570 0.312988 0.690430 0.306152 0.697266 0.301270 0.704102 0.298828 0.705078 0.294434 0.709961 0.291992 0.710938 0.290527 0.712891 0.289551 0.712891 0.288086 0.714844 0.287109 0.714844 0.285645 0.716797 0.284668 0.716797 0.281250 0.719727 0.281250 0.721680 0.280273 0.725586 0.280273 0.728516 0.282715 0.738281 0.283691 0.740234 0.285156 0.740234 0.291992 0.750000 0.292969 0.750000 0.294434 0.751953 0.296875 0.758789 0.300293 0.773438 0.301270 0.774414 0.304688 0.772461 0.308105 0.767578 0.309082 0.767578 0.311523 0.763672 0.312988 0.762695 0.315430 0.758789 0.317871 0.757812 0.321289 0.752930 0.325195 0.749023 0.330566 0.750000 0.331055 0.750977 0.332031 0.750977 0.336426 0.757812 0.338379 0.757812 0.341309 0.753906 0.341309 0.746094 0.344238 0.735352 0.344238 0.716797 0.344727 0.715820 0.344727 0.712891 0.345215 0.710938 0.347168 0.707031 0.349609 0.704102 0.354980 0.693359 0.355469 0.693359 0.361328 0.682617 0.363281 0.681641 0.367676 0.675781 0.371094 0.672852 0.374512 0.663086 0.374512 0.660156 0.374023 0.659180 0.373535 0.645508 0.373047 0.644531 0.373047 0.641602
12 0.000000 0.852539 0.040527 0.793945 0.093750 0.747070 0.135254 0.676758 0.170410 0.665039 0.194824 0.680664 0.208496 0.653320 0.233398 0.650391 0.283203 0.712891 0.301758 0.697266 0.321777 0.659180 0.367676 0.622070 0.360840 0.567383 0.382324 0.515625 0.403809 0.502930 0.361816 0.469727 0.354492 0.440430 0.376953 0.382812 0.399902 0.357422 0.444824 0.357422 0.480469 0.387695 0.486328 0.400391 0.476562 0.419922 0.477051 0.435547 0.485352 0.456055 0.560059 0.371094 0.569336 0.379883 0.595215 0.362305 0.573730 0.390625 0.572266 0.406250 0.595703 0.470703 0.606934 0.482422 0.639160 0.441406 0.653320 0.448242 0.657715 0.469727 0.669922 0.470703 0.677734 0.452148 0.688965 0.468750 0.716797 0.407227 0.719727 0.361328 0.740234 0.316406 0.739746 0.329102 0.747559 0.332031 0.751953 0.307617 0.769043 0.341797 0.783203 0.346680 0.793945 0.331055 0.814453 0.334961 0.856934 0.291992 0.888672 0.289062 0.892090 0.275391 0.918945 0.265625 0.926270 0.239258 0.921387 0.223633 0.935059 0.216797 0.938965 0.186523 0.950195 0.192383 0.967285 0.180664 0.970703 0.194336 0.990234 0.197266 0.999512 0.215820 0.999512 0.151367 0.984863 0.152344 0.965820 0.106445 0.938477 0.093750 0.888672 0.160156 0.877441 0.149414 0.860840 0.154297 0.837402 0.211914 0.814941 0.210938 0.766113 0.241211 0.752930 0.280273 0.664062 0.275391 0.744141 0.267578 0.776367 0.224609 0.840332 0.185547 0.861816 0.146484 0.896484 0.144531 0.934082 0.090820 0.966797 0.101562 0.978516 0.128906 0.999512 0.142578 0.999512 0.003906 0.000000 0.000000
13 0.572266 0.877930 0.572754 0.883789 0.578125 0.889648 0.578125 0.900391 0.575684 0.911133 0.575684 0.962891 0.569336 0.976562 0.567871 0.999023 0.886719 0.999023 0.887207 0.985352 0.885742 0.982422 0.880859 0.983398 0.873047 0.977539 0.852051 0.976562 0.848145 0.966797 0.833008 0.968750 0.829102 0.964844 0.829102 0.946289 0.827637 0.941406 0.828613 0.934570 0.842285 0.942383 0.844238 0.940430 0.843262 0.935547 0.844727 0.927734 0.854004 0.926758 0.845215 0.926758 0.841797 0.919922 0.850098 0.916016 0.839355 0.917969 0.826660 0.903320 0.825195 0.897461 0.827148 0.890625 0.838379 0.884766 0.832031 0.868164 0.826172 0.861328 0.820801 0.860352 0.814453 0.849609 0.798340 0.847656 0.785645 0.836914 0.763184 0.825195 0.752930 0.816406 0.740234 0.796875 0.726562 0.799805 0.721680 0.794922 0.707520 0.791016 0.700684 0.792969 0.700684 0.809570 0.698730 0.813477 0.697754 0.829102 0.701660 0.836914 0.702148 0.850586 0.699219 0.857422 0.695312 0.860352 0.690918 0.875977 0.690430 0.886719 0.701172 0.905273 0.702637 0.916016 0.702148 0.927734 0.700195 0.935547 0.694824 0.945312 0.685547 0.948242 0.678223 0.955078 0.666504 0.956055 0.655273 0.948242 0.642090 0.946289 0.624512 0.937500 0.599609 0.913086 0.592285 0.898438 0.590332 0.884766 0.586426 0.877930 0.576172 0.875000
13 0.657715 0.603516 0.633301 0.603516 0.632812 0.604492 0.594727 0.604492 0.594238 0.605469 0.592773 0.605469 0.592285 0.606445 0.587402 0.607422 0.586914 0.608398 0.585449 0.608398 0.584961 0.609375 0.581055 0.610352 0.579102 0.618164 0.579102 0.620117 0.578125 0.623047 0.578125 0.625000 0.577148 0.627930 0.577148 0.629883 0.575195 0.636719 0.575195 0.672852 0.578125 0.679688 0.578125 0.680664 0.580078 0.684570 0.580078 0.685547 0.582031 0.687500 0.583496 0.691406 0.583984 0.687500 0.584473 0.686523 0.584473 0.683594 0.584961 0.682617 0.584961 0.679688 0.585449 0.678711 0.585938 0.671875 0.586914 0.667969 0.587402 0.661133 0.588867 0.657227 0.590332 0.657227 0.590820 0.656250 0.591797 0.656250 0.592285 0.655273 0.593262 0.655273 0.593750 0.654297 0.594727 0.654297 0.595215 0.653320 0.596191 0.653320 0.596680 0.652344 0.597656 0.652344 0.599609 0.650391 0.602051 0.650391 0.602539 0.649414 0.604492 0.648438 0.604980 0.649414 0.607422 0.650391 0.612793 0.658203 0.613770 0.658203 0.614258 0.659180 0.618652 0.651367 0.621094 0.649414 0.624512 0.643555 0.637207 0.642578 0.644043 0.632812 0.645508 0.632812 0.645996 0.631836 0.646973 0.632812 0.648438 0.632812 0.651855 0.636719 0.652832 0.636719 0.658691 0.642578
13 0.375000 0.626953 0.375000 0.641602 0.376953 0.659180 0.395020 0.666016 0.398438 0.665039 0.403809 0.657227 0.416016 0.651367 0.420898 0.651367 0.423340 0.654297 0.432617 0.632812 0.439453 0.632812 0.446289 0.639648 0.452148 0.639648 0.458496 0.634766 0.462891 0.634766 0.471680 0.650391 0.473633 0.652344 0.480957 0.653320 0.485352 0.664062 0.490234 0.672852 0.496582 0.676758 0.502930 0.687500 0.505371 0.697266 0.505371 0.708984 0.506836 0.716797 0.516602 0.726562 0.520508 0.735352 0.521484 0.758789 0.525391 0.760742 0.529297 0.753906 0.532227 0.758789 0.541504 0.760742 0.553223 0.750977 0.555664 0.746094 0.552734 0.739258 0.552734 0.734375 0.548828 0.734375 0.547852 0.732422 0.547852 0.727539 0.546875 0.723633 0.539062 0.708984 0.536621 0.701172 0.526855 0.692383 0.522949 0.678711 0.520996 0.674805 0.519043 0.673828 0.516602 0.669922 0.508301 0.651367 0.507324 0.651367 0.500977 0.641602 0.500488 0.631836 0.501465 0.626953 0.499512 0.621094 0.494141 0.616211 0.488770 0.615234 0.485840 0.610352 0.481934 0.611328 0.471191 0.603516 0.460449 0.583984 0.458984 0.578125 0.438965 0.579102 0.426758 0.569336 0.419434 0.567383 0.416992 0.573242 0.414062 0.594727 0.405273 0.609375 0.400391 0.614258 0.395996 0.614258 0.389648 0.608398 0.380371 0.609375
13 0.755859 0.491211 0.755371 0.497070 0.757324 0.504883 0.755371 0.524414 0.793457 0.535156 0.816895 0.550781 0.832031 0.569336 0.848633 0.603516 0.854004 0.618164 0.858398 0.638672 0.859863 0.652344 0.859863 0.668945 0.861328 0.671875 0.883789 0.686523 0.891602 0.697266 0.896484 0.697266 0.897949 0.691406 0.896973 0.683594 0.899414 0.669922 0.904785 0.668945 0.907715 0.670898 0.919922 0.696289 0.926270 0.698242 0.931641 0.706055 0.936035 0.703125 0.951172 0.703125 0.954590 0.706055 0.959473 0.706055 0.964844 0.710938 0.970703 0.723633 0.970215 0.742188 0.968750 0.749023 0.970215 0.766602 0.975586 0.769531 0.984375 0.780273 0.987305 0.793945 0.985840 0.798828 0.986328 0.808594 0.989258 0.809570 0.993164 0.815430 0.999512 0.818359 0.999512 0.775391 0.998047 0.774414 0.999512 0.772461 0.999512 0.562500 0.981445 0.550781 0.968750 0.549805 0.966797 0.538086 0.963379 0.533203 0.922852 0.534180 0.919922 0.537109 0.914551 0.537109 0.905762 0.544922 0.899414 0.544922 0.895996 0.551758 0.892578 0.544922 0.889160 0.541992 0.872559 0.543945 0.860840 0.540039 0.857422 0.533203 0.849121 0.531250 0.851074 0.524414 0.848145 0.522461 0.833008 0.521484 0.824219 0.514648 0.815430 0.511719 0.797852 0.511719 0.767578 0.493164 0.763672 0.485352 0.759277 0.486328
13 0.507324 0.469727 0.507324 0.472656 0.507812 0.473633 0.507812 0.475586 0.508301 0.475586 0.509766 0.477539 0.512207 0.478516 0.513672 0.480469 0.514648 0.480469 0.515137 0.481445 0.516602 0.482422 0.519043 0.487305 0.519043 0.489258 0.519531 0.489258 0.520020 0.490234 0.520020 0.493164 0.520508 0.494141 0.520508 0.498047 0.520020 0.499023 0.520020 0.502930 0.519531 0.503906 0.519043 0.503906 0.519043 0.507812 0.518555 0.508789 0.518555 0.509766 0.519043 0.510742 0.519043 0.511719 0.519531 0.511719 0.520020 0.512695 0.520020 0.513672 0.521484 0.518555 0.524902 0.518555 0.525391 0.519531 0.529785 0.519531 0.533203 0.515625 0.535645 0.514648 0.536133 0.513672 0.536621 0.513672 0.539062 0.510742 0.540039 0.510742 0.542480 0.507812 0.546387 0.507812 0.547852 0.509766 0.548828 0.509766 0.549316 0.508789 0.550781 0.508789 0.551270 0.507812 0.552734 0.507812 0.553223 0.508789 0.554688 0.508789 0.555176 0.509766 0.561035 0.509766 0.561523 0.508789 0.566406 0.508789 0.571777 0.514648 0.576172 0.514648 0.578125 0.511719 0.578613 0.511719 0.579590 0.509766 0.580078 0.509766 0.581055 0.507812 0.582520 0.507812 0.583496 0.505859 0.583984 0.505859 0.585938 0.502930 0.585938 0.499023 0.585449 0.498047 0.585449 0.494141 0.583008 0.487305 0.579590 0.487305 0.579102 0.486328 0.575684 0.486328 0.575195 0.485352 0.574707 0.485352 0.574219 0.484375 0.573242 0.484375 0.567871 0.478516 0.559570 0.478516 0.559082 0.477539 0.557617 0.477539 0.557129 0.476562 0.556152 0.476562 0.555664 0.475586 0.555176 0.475586 0.554688 0.474609 0.553711 0.474609 0.553223 0.473633 0.550293 0.473633 0.549805 0.472656 0.548828 0.472656 0.548340 0.471680 0.547363 0.471680 0.546875 0.470703 0.545898 0.470703 0.544434 0.468750 0.543457 0.468750 0.542969 0.467773 0.541504 0.467773 0.541016 0.466797 0.531250 0.466797 0.530762 0.465820 0.530273 0.465820 0.527832 0.462891 0.526855 0.462891 0.526367 0.461914 0.522949 0.461914 0.522461 0.462891 0.516113 0.462891 0.515625 0.463867 0.512695 0.463867 0.512207 0.464844 0.511230 0.464844 0.510742 0.465820 0.510254 0.465820 0.509277 0.467773 0.508789 0.467773
16 0.167969 0.937500 0.167480 0.937500 0.166504 0.934570 0.162109 0.933594 0.160645 0.930664 0.159668 0.930664 0.158691 0.928711 0.149902 0.929688 0.147461 0.926758 0.142090 0.926758 0.138184 0.920898 0.136230 0.920898 0.135742 0.919922 0.127930 0.919922 0.127441 0.918945 0.125488 0.918945 0.123535 0.920898 0.121094 0.925781 0.120117 0.925781 0.117676 0.929688 0.113770 0.930664 0.113281 0.929688 0.109375 0.929688 0.108887 0.928711 0.106934 0.928711 0.106445 0.929688 0.104980 0.929688 0.102539 0.931641 0.100098 0.936523 0.097168 0.939453 0.093750 0.949219 0.091797 0.951172 0.088867 0.952148 0.087402 0.954102 0.084961 0.955078 0.084473 0.958008 0.081055 0.966797 0.074707 0.966797 0.070312 0.970703 0.067383 0.975586 0.066895 0.978516 0.065918 0.979492 0.064941 0.984375 0.063477 0.987305 0.062500 0.987305 0.060547 0.989258 0.059082 0.989258 0.058594 0.990234 0.057129 0.990234 0.056641 0.991211 0.055176 0.991211 0.050781 0.996094 0.049805 0.996094 0.049805 0.999023 0.109863 0.999023 0.109863 0.996094 0.112793 0.990234 0.113770 0.990234 0.119629 0.977539 0.121582 0.976562 0.125000 0.972656 0.126953 0.972656 0.128418 0.970703 0.129395 0.970703 0.136230 0.963867 0.138672 0.962891 0.144043 0.957031 0.145508 0.957031 0.147949 0.954102 0.149414 0.954102 0.149902 0.953125 0.152344 0.952148 0.156738 0.947266 0.157715 0.947266 0.159668 0.945312 0.161133 0.945312 0.164062 0.942383 0.167969 0.940430
16 0.591309 0.661133 0.586426 0.679688 0.586426 0.699219 0.587402 0.705078 0.579590 0.711914 0.576172 0.718750 0.569824 0.750000 0.571777 0.770508 0.571777 0.788086 0.573242 0.790039 0.580078 0.788086 0.583984 0.781250 0.584473 0.782227 0.582031 0.789062 0.576172 0.794922 0.572754 0.807617 0.573242 0.817383 0.567871 0.833984 0.567871 0.841797 0.571289 0.854492 0.578613 0.867188 0.586426 0.871094 0.591309 0.875977 0.593750 0.894531 0.600586 0.908203 0.608398 0.917969 0.626465 0.935547 0.631836 0.936523 0.645996 0.944336 0.656250 0.944336 0.664551 0.951172 0.670898 0.952148 0.678223 0.951172 0.685059 0.943359 0.693848 0.942383 0.697754 0.936523 0.700195 0.930664 0.701660 0.921875 0.700195 0.908203 0.687500 0.884766 0.688477 0.875977 0.692871 0.865234 0.693359 0.835938 0.694824 0.832031 0.695312 0.821289 0.697754 0.811523 0.697754 0.798828 0.693359 0.774414 0.690918 0.772461 0.689453 0.766602 0.685059 0.764648 0.682617 0.760742 0.682617 0.751953 0.685547 0.743164 0.686035 0.727539 0.683594 0.710938 0.682617 0.709961 0.679688 0.698242 0.678711 0.676758 0.674316 0.669922 0.664551 0.662109 0.652832 0.639648 0.650391 0.637695 0.645996 0.637695 0.641602 0.646484 0.638672 0.649414 0.629395 0.648438 0.623047 0.658203 0.616699 0.663086 0.612305 0.669922 0.611816 0.665039 0.607422 0.654297 0.603027 0.654297 0.600098 0.663086 0.596191 0.659180
16 0.570801 0.909180 0.567871 0.898438 0.553711 0.871094 0.541016 0.832031 0.537109 0.830078 0.532715 0.820312 0.531250 0.800781 0.523926 0.784180 0.520020 0.765625 0.517578 0.732422 0.505371 0.717773 0.503906 0.696289 0.501465 0.688477 0.496094 0.678711 0.489258 0.673828 0.481934 0.657227 0.470703 0.651367 0.462891 0.636719 0.445801 0.640625 0.435059 0.634766 0.430664 0.638672 0.427734 0.650391 0.421387 0.663086 0.414062 0.669922 0.405273 0.687500 0.400879 0.684570 0.392090 0.669922 0.382324 0.664062 0.376953 0.665039 0.371094 0.677734 0.359863 0.688477 0.354004 0.702148 0.350098 0.706055 0.347168 0.715820 0.347168 0.739258 0.349121 0.744141 0.347656 0.755859 0.339355 0.762695 0.330078 0.753906 0.325684 0.752930 0.314941 0.762695 0.302734 0.781250 0.300293 0.797852 0.299805 0.828125 0.295898 0.846680 0.291504 0.858398 0.287109 0.864258 0.289062 0.871094 0.281738 0.896484 0.279785 0.984375 0.282715 0.999023 0.344238 0.999023 0.344727 0.993164 0.354004 0.968750 0.356445 0.939453 0.359375 0.931641 0.374512 0.917969 0.377441 0.911133 0.394043 0.890625 0.411133 0.888672 0.415527 0.891602 0.420410 0.890625 0.422363 0.898438 0.423340 0.922852 0.426758 0.917969 0.430176 0.919922 0.427246 0.966797 0.424316 0.988281 0.428223 0.999023 0.562500 0.999023 0.571289 0.955078
16 0.413574 0.516602 0.413086 0.516602 0.412598 0.515625 0.412109 0.515625 0.410645 0.513672 0.409668 0.513672 0.409180 0.512695 0.408691 0.512695 0.408203 0.511719 0.407715 0.511719 0.406250 0.509766 0.404785 0.509766 0.404297 0.510742 0.401367 0.510742 0.400879 0.511719 0.398926 0.511719 0.398438 0.512695 0.395996 0.512695 0.395508 0.513672 0.392578 0.513672 0.392090 0.514648 0.390137 0.514648 0.389648 0.515625 0.387207 0.515625 0.386719 0.516602 0.385254 0.516602 0.380371 0.526367 0.379883 0.526367 0.378906 0.528320 0.378418 0.528320 0.373047 0.539062 0.373047 0.540039 0.372559 0.541016 0.372559 0.541992 0.371582 0.544922 0.370605 0.544922 0.370605 0.545898 0.370117 0.546875 0.370117 0.547852 0.369629 0.548828 0.369629 0.549805 0.369141 0.550781 0.369141 0.551758 0.368164 0.554688 0.368164 0.557617 0.367676 0.558594 0.367676 0.561523 0.366699 0.563477 0.366699 0.564453 0.365234 0.567383 0.365234 0.568359 0.363770 0.571289 0.363770 0.572266 0.363281 0.573242 0.362793 0.573242 0.362793 0.576172 0.362305 0.577148 0.362305 0.582031 0.361816 0.583008 0.361816 0.585938 0.362305 0.586914 0.363281 0.586914 0.363770 0.587891 0.364258 0.587891 0.365723 0.589844 0.365723 0.588867 0.366211 0.587891 0.366211 0.584961 0.366699 0.583984 0.366699 0.583008 0.367188 0.582031 0.367676 0.582031 0.368652 0.580078 0.371582 0.580078 0.372070 0.579102 0.375000 0.579102 0.376465 0.581055 0.377441 0.581055 0.377930 0.580078 0.378906 0.580078 0.379395 0.579102 0.385742 0.579102 0.386230 0.578125 0.387207 0.578125 0.387695 0.577148 0.388184 0.577148 0.389160 0.575195 0.389648 0.575195 0.390137 0.574219 0.391602 0.573242 0.392090 0.572266 0.392578 0.569336 0.393555 0.567383 0.395020 0.567383 0.395508 0.566406 0.396484 0.566406 0.396973 0.565430 0.396973 0.564453 0.398438 0.561523 0.398438 0.560547 0.399414 0.558594 0.399902 0.558594 0.401367 0.556641 0.402344 0.556641 0.402832 0.555664 0.403320 0.555664 0.403809 0.554688 0.404297 0.554688 0.404785 0.553711 0.405273 0.553711 0.406738 0.551758 0.406738 0.543945 0.406250 0.542969 0.406250 0.541992 0.405273 0.539062 0.405273 0.537109 0.404297 0.534180 0.404297 0.529297 0.404785 0.528320 0.404785 0.526367 0.405762 0.524414 0.406250 0.524414 0.406738 0.523438 0.407715 0.523438 0.409180 0.521484 0.410645 0.521484 0.411133 0.520508 0.412598 0.519531
16 0.461426 0.580078 0.466309 0.590820 0.471680 0.595703 0.472656 0.595703 0.474121 0.597656 0.501953 0.596680 0.502441 0.595703 0.503906 0.595703 0.504395 0.594727 0.509766 0.591797 0.512695 0.588867 0.513672 0.586914 0.517090 0.590820 0.529297 0.579102 0.530762 0.579102 0.533203 0.577148 0.535156 0.577148 0.535645 0.576172 0.546387 0.576172 0.550781 0.572266 0.553711 0.564453 0.555664 0.561523 0.556641 0.558594 0.569336 0.552734 0.571777 0.539062 0.576660 0.530273 0.574219 0.522461 0.572754 0.521484 0.569336 0.515625 0.567383 0.513672 0.565430 0.513672 0.564941 0.512695 0.549316 0.511719 0.548828 0.512695 0.546875 0.512695 0.546387 0.513672 0.544434 0.513672 0.543945 0.514648 0.541016 0.514648 0.540527 0.515625 0.536621 0.516602 0.535156 0.518555 0.532715 0.519531 0.530273 0.522461 0.520996 0.522461 0.519043 0.519531 0.515137 0.510742 0.513184 0.508789 0.508301 0.508789 0.507812 0.507812 0.500977 0.507812 0.500488 0.506836 0.498047 0.506836 0.496582 0.508789 0.494629 0.508789 0.490723 0.512695 0.489746 0.514648 0.487793 0.515625 0.482422 0.521484 0.471191 0.523438 0.468262 0.526367 0.467285 0.526367 0.465332 0.529297 0.464355 0.529297 0.462402 0.533203 0.460449 0.542969
16 0.752441 0.492188 0.749023 0.485352 0.748535 0.485352 0.747070 0.483398 0.745605 0.483398 0.743164 0.480469 0.742188 0.480469 0.741699 0.479492 0.741211 0.479492 0.740723 0.478516 0.739746 0.478516 0.738281 0.476562 0.733398 0.476562 0.732910 0.477539 0.728027 0.477539 0.724609 0.473633 0.723145 0.473633 0.722656 0.472656 0.720215 0.472656 0.719727 0.473633 0.715332 0.473633 0.714844 0.474609 0.714355 0.474609 0.708984 0.485352 0.706543 0.485352 0.706055 0.484375 0.702637 0.484375 0.702148 0.483398 0.700195 0.483398 0.699219 0.485352 0.698730 0.485352 0.698730 0.486328 0.694824 0.494141 0.694824 0.495117 0.693359 0.498047 0.693359 0.499023 0.691406 0.502930 0.690918 0.502930 0.690918 0.503906 0.688965 0.508789 0.688965 0.509766 0.687988 0.512695 0.687988 0.518555 0.688477 0.519531 0.688477 0.525391 0.689941 0.530273 0.689941 0.532227 0.690430 0.533203 0.690430 0.535156 0.690918 0.536133 0.690918 0.537109 0.691406 0.537109 0.691895 0.538086 0.691895 0.539062 0.694336 0.543945 0.695801 0.544922 0.698730 0.550781 0.699219 0.550781 0.699707 0.551758 0.699219 0.552734 0.698730 0.552734 0.695801 0.558594 0.696777 0.560547 0.697754 0.560547 0.698242 0.559570 0.700195 0.559570 0.700684 0.558594 0.701172 0.558594 0.701660 0.555664 0.702637 0.553711 0.703613 0.553711 0.704102 0.552734 0.705078 0.552734 0.706543 0.550781 0.707520 0.550781 0.708008 0.549805 0.708496 0.549805 0.709473 0.547852 0.711914 0.545898 0.712891 0.543945 0.714844 0.543945 0.715820 0.541992 0.718262 0.540039 0.719238 0.538086 0.719727 0.538086 0.722168 0.535156 0.723145 0.535156 0.723633 0.534180 0.725098 0.534180 0.725586 0.533203 0.726562 0.533203 0.727051 0.532227 0.728516 0.532227 0.729004 0.531250 0.730469 0.531250 0.730957 0.530273 0.731934 0.530273 0.732422 0.529297 0.733887 0.529297 0.734375 0.528320 0.737305 0.528320 0.737793 0.527344 0.742676 0.527344 0.743164 0.526367 0.748047 0.526367 0.748535 0.525391 0.750488 0.525391 0.752441 0.518555 0.752441 0.516602 0.752930 0.515625 0.752930 0.514648 0.753418 0.513672 0.753906 0.513672 0.753906 0.512695 0.754395 0.511719 0.754395 0.500977 0.753906 0.500000 0.753906 0.498047 0.753418 0.498047 0.752930 0.497070
16 0.680664 0.552734 0.680176 0.551758 0.680176 0.546875 0.679688 0.545898 0.678711 0.533203 0.676270 0.524414 0.674805 0.522461 0.672363 0.511719 0.667969 0.502930 0.667969 0.501953 0.667480 0.501953 0.665039 0.497070 0.661621 0.484375 0.660645 0.478516 0.652832 0.470703 0.652344 0.468750 0.651367 0.467773 0.651367 0.464844 0.649902 0.458008 0.649902 0.455078 0.645020 0.446289 0.644043 0.446289 0.643066 0.444336 0.637695 0.445312 0.632324 0.453125 0.629395 0.454102 0.628906 0.455078 0.626465 0.455078 0.622559 0.466797 0.616211 0.471680 0.613281 0.479492 0.612793 0.479492 0.608398 0.488281 0.604980 0.492188 0.603027 0.496094 0.599609 0.495117 0.599121 0.494141 0.593750 0.495117 0.590820 0.500977 0.589355 0.501953 0.585938 0.508789 0.583984 0.510742 0.580566 0.516602 0.581543 0.530273 0.583008 0.531250 0.585449 0.535156 0.583496 0.552734 0.581055 0.558594 0.581543 0.568359 0.582520 0.569336 0.584473 0.577148 0.587891 0.577148 0.588379 0.578125 0.592285 0.578125 0.593750 0.579102 0.595215 0.582031 0.606934 0.583984 0.607910 0.585938 0.607910 0.588867 0.609863 0.599609 0.615723 0.600586 0.618164 0.603516 0.632812 0.603516 0.633301 0.602539 0.636719 0.602539 0.638184 0.600586 0.640625 0.602539 0.646973 0.601562 0.647461 0.600586 0.650879 0.600586 0.651367 0.599609 0.657715 0.600586 0.659180 0.598633 0.661621 0.597656 0.667480 0.589844 0.668457 0.589844 0.673340 0.583008 0.675781 0.581055 0.677734 0.569336 0.679688 0.561523 0.680664 0.555664
16 0.999512 0.222656 0.990723 0.212891 0.984375 0.213867 0.982422 0.216797 0.974121 0.213867 0.970703 0.218750 0.976562 0.224609 0.970215 0.231445 0.968750 0.226562 0.969727 0.216797 0.966309 0.207031 0.954102 0.208008 0.946289 0.218750 0.953125 0.225586 0.953613 0.232422 0.951172 0.241211 0.945312 0.237305 0.931641 0.237305 0.924316 0.249023 0.918945 0.268555 0.907227 0.271484 0.905762 0.276367 0.895020 0.291992 0.884766 0.294922 0.877441 0.302734 0.857910 0.302734 0.849609 0.313477 0.837891 0.315430 0.830566 0.326172 0.828125 0.343750 0.818359 0.354492 0.812500 0.353516 0.807617 0.357422 0.802246 0.357422 0.794922 0.347656 0.787598 0.348633 0.784668 0.352539 0.779297 0.368164 0.775879 0.366211 0.767090 0.368164 0.762695 0.359375 0.749023 0.366211 0.743164 0.374023 0.735840 0.376953 0.732422 0.386719 0.727051 0.393555 0.723145 0.409180 0.718750 0.418945 0.717285 0.434570 0.719238 0.440430 0.724609 0.440430 0.735840 0.458008 0.743164 0.462891 0.748047 0.460938 0.749512 0.448242 0.751465 0.443359 0.756836 0.445312 0.763672 0.455078 0.767090 0.439453 0.769043 0.444336 0.779297 0.456055 0.782227 0.480469 0.790039 0.489258 0.794922 0.490234 0.798828 0.474609 0.804688 0.476562 0.812988 0.490234 0.818359 0.494141 0.829102 0.515625 0.845215 0.519531 0.872070 0.518555 0.882812 0.530273 0.895996 0.536133 0.904297 0.536133 0.923340 0.519531 0.932129 0.522461 0.970703 0.520508 0.983398 0.506836 0.984375 0.501953 0.985840 0.502930 0.990234 0.497070 0.993164 0.502930 0.999512 0.503906 0.999512 0.316406 0.997070 0.313477 0.999512 0.308594 0.999512 0.270508 0.996582 0.266602 0.997070 0.258789 0.993164 0.254883 0.994629 0.250977 0.999512 0.250977
21 0.418945 0.906250 0.417969 0.904297 0.416992 0.904297 0.415527 0.901367 0.414551 0.901367 0.411621 0.896484 0.411133 0.896484 0.410156 0.894531 0.408203 0.892578 0.399414 0.890625 0.395996 0.895508 0.394043 0.896484 0.391602 0.900391 0.389648 0.901367 0.388672 0.903320 0.385254 0.906250 0.381348 0.912109 0.379883 0.913086 0.378906 0.915039 0.377930 0.915039 0.375000 0.919922 0.374023 0.919922 0.372070 0.922852 0.370605 0.923828 0.363281 0.934570 0.362305 0.934570 0.361328 0.936523 0.358887 0.938477 0.358398 0.939453 0.358398 0.948242 0.357910 0.949219 0.357910 0.952148 0.356934 0.956055 0.356934 0.958984 0.356445 0.959961 0.355957 0.966797 0.354980 0.967773 0.354492 0.970703 0.351074 0.978516 0.351074 0.979492 0.350098 0.981445 0.350098 0.982422 0.349121 0.984375 0.348145 0.988281 0.347168 0.989258 0.346680 0.991211 0.346680 0.996094 0.346191 0.997070 0.346191 0.999023 0.424805 0.999023 0.424805 0.997070 0.424316 0.996094 0.424316 0.993164 0.423340 0.989258 0.423340 0.980469 0.423828 0.979492 0.423828 0.967773 0.424316 0.966797 0.424316 0.954102 0.424805 0.953125 0.424805 0.945312 0.422852 0.937500 0.422852 0.933594 0.422363 0.932617 0.422363 0.923828 0.421875 0.922852 0.421875 0.917969
27 0.358887 0.429688 0.358398 0.441406 0.359375 0.445312 0.360352 0.454102 0.362793 0.458984 0.363770 0.458984 0.370605 0.471680 0.373047 0.473633 0.375000 0.477539 0.380371 0.482422 0.389160 0.485352 0.389648 0.486328 0.397461 0.486328 0.397949 0.485352 0.404785 0.483398 0.412109 0.476562 0.429688 0.476562 0.431152 0.474609 0.437988 0.474609 0.438477 0.475586 0.440430 0.475586 0.445801 0.478516 0.456055 0.478516 0.461914 0.472656 0.466309 0.472656 0.466797 0.471680 0.470215 0.470703 0.470703 0.468750 0.472656 0.465820 0.474121 0.460938 0.474121 0.453125 0.472656 0.446289 0.471680 0.445312 0.470703 0.438477 0.468750 0.436523 0.467285 0.436523 0.465820 0.433594 0.465820 0.425781 0.468262 0.419922 0.470703 0.416016 0.481934 0.409180 0.483887 0.405273 0.484375 0.399414 0.480469 0.393555 0.479492 0.393555 0.475098 0.386719 0.473145 0.384766 0.469238 0.383789 0.465332 0.378906 0.463379 0.377930 0.457520 0.370117 0.456543 0.370117 0.454590 0.367188 0.452637 0.366211 0.450195 0.363281 0.445312 0.362305 0.444824 0.361328 0.442871 0.361328 0.441406 0.363281 0.430664 0.363281 0.430176 0.362305 0.422363 0.361328 0.421875 0.360352 0.401367 0.361328 0.397949 0.363281 0.395508 0.366211 0.394043 0.366211 0.386719 0.375000 0.383789 0.376953 0.376465 0.390625 0.374512 0.399414 0.372559 0.405273 0.371094 0.407227 0.370117 0.407227 0.361816 0.417969 0.360352 0.421875
30 0.280762 0.890625 0.279297 0.887695 0.276367 0.888672 0.266113 0.901367 0.264648 0.901367 0.261719 0.905273 0.260254 0.905273 0.258789 0.907227 0.252930 0.910156 0.241211 0.918945 0.235840 0.917969 0.232422 0.914062 0.218262 0.915039 0.216309 0.913086 0.209473 0.910156 0.204590 0.904297 0.196289 0.906250 0.180176 0.919922 0.177246 0.927734 0.168945 0.943359 0.159180 0.948242 0.153320 0.955078 0.151855 0.955078 0.145996 0.960938 0.143066 0.961914 0.138184 0.968750 0.132324 0.970703 0.129395 0.973633 0.127441 0.973633 0.123047 0.979492 0.120117 0.981445 0.117188 0.989258 0.115723 0.991211 0.114746 0.999023 0.264648 0.999023 0.266602 0.984375 0.270508 0.972656 0.270996 0.963867 0.273438 0.955078 0.274414 0.954102 0.278320 0.942383
30 0.748535 0.752930 0.749023 0.764648 0.748535 0.765625 0.748535 0.770508 0.748047 0.771484 0.747559 0.780273 0.748047 0.781250 0.748047 0.784180 0.748535 0.785156 0.748535 0.788086 0.749023 0.790039 0.750977 0.792969 0.755859 0.792969 0.757324 0.795898 0.758789 0.800781 0.758301 0.808594 0.759277 0.810547 0.761719 0.812500 0.764160 0.816406 0.769043 0.821289 0.770020 0.821289 0.776367 0.828125 0.777832 0.828125 0.778320 0.829102 0.781250 0.829102 0.781738 0.830078 0.787109 0.829102 0.788574 0.832031 0.794434 0.833984 0.798340 0.843750 0.819824 0.843750 0.821289 0.845703 0.822266 0.845703 0.825195 0.842773 0.834473 0.842773 0.836914 0.845703 0.841797 0.844727 0.846680 0.837891 0.848633 0.836914 0.853516 0.830078 0.853027 0.819336 0.850586 0.812500 0.846680 0.811523 0.845215 0.809570 0.842773 0.808594 0.839844 0.804688 0.838867 0.804688 0.837891 0.802734 0.833496 0.797852 0.832031 0.792969 0.831055 0.791992 0.829102 0.783203 0.829102 0.779297 0.828613 0.778320 0.827637 0.767578 0.825195 0.758789 0.824707 0.758789 0.824219 0.756836 0.823730 0.756836 0.820312 0.749023 0.819336 0.748047 0.817871 0.748047 0.817383 0.747070 0.815918 0.747070 0.813477 0.741211 0.811523 0.739258 0.810547 0.739258 0.809082 0.737305 0.806152 0.736328 0.803223 0.739258 0.800293 0.739258 0.799805 0.738281 0.795898 0.738281 0.795410 0.737305 0.793457 0.737305 0.789551 0.741211 0.788086 0.741211 0.787598 0.742188 0.782715 0.741211 0.779785 0.747070 0.757324 0.748047 0.756836 0.749023 0.753418 0.749023 0.752930 0.750000 0.751465 0.750000
30 0.808105 0.697266 0.808105 0.714844 0.806641 0.720703 0.807129 0.722656 0.809082 0.725586 0.810547 0.731445 0.811523 0.733398 0.818359 0.740234 0.826172 0.738281 0.828125 0.742188 0.835938 0.743164 0.836426 0.744141 0.841797 0.747070 0.843262 0.741211 0.844727 0.738281 0.845703 0.738281 0.846191 0.737305 0.850098 0.737305 0.850586 0.736328 0.852051 0.736328 0.854492 0.739258 0.856445 0.740234 0.857422 0.742188 0.857422 0.744141 0.857910 0.745117 0.859375 0.754883 0.860352 0.755859 0.861816 0.755859 0.862305 0.756836 0.863770 0.756836 0.864258 0.757812 0.867676 0.757812 0.868164 0.758789 0.871582 0.759766 0.872070 0.760742 0.873047 0.760742 0.875000 0.758789 0.876465 0.758789 0.876953 0.757812 0.887207 0.757812 0.893555 0.750977 0.895508 0.750977 0.895996 0.751953 0.898438 0.751953 0.900391 0.754883 0.900391 0.756836 0.901855 0.761719 0.902832 0.761719 0.906738 0.767578 0.912109 0.767578 0.915039 0.759766 0.915039 0.756836 0.914551 0.755859 0.914551 0.750000 0.913574 0.747070 0.913574 0.745117 0.910645 0.735352 0.909180 0.733398 0.908691 0.730469 0.907715 0.728516 0.907227 0.725586 0.905273 0.721680 0.904785 0.718750 0.902344 0.715820 0.900879 0.715820 0.897949 0.712891 0.895508 0.708984 0.893066 0.707031 0.892090 0.705078 0.890137 0.704102 0.880859 0.688477 0.879395 0.688477 0.878906 0.687500 0.875000 0.687500 0.872559 0.685547 0.870605 0.685547 0.865234 0.679688 0.856445 0.680664 0.855957 0.679688 0.853516 0.679688 0.853027 0.678711 0.851074 0.678711 0.850586 0.677734 0.848145 0.677734 0.847656 0.678711 0.844238 0.678711 0.843750 0.679688 0.840820 0.679688 0.840332 0.680664 0.836426 0.680664 0.835938 0.681641 0.833008 0.681641 0.832520 0.682617 0.829102 0.682617 0.828613 0.683594 0.826660 0.683594 0.826172 0.684570 0.822266 0.685547 0.819824 0.687500 0.815918 0.687500 0.815430 0.688477 0.813965 0.688477 0.812988 0.689453 0.811035 0.693359
35 0.687012 0.587891 0.686523 0.613281 0.688477 0.628906 0.688965 0.629883 0.694336 0.629883 0.699219 0.635742 0.702148 0.642578 0.703613 0.655273 0.706543 0.663086 0.712891 0.668945 0.716309 0.669922 0.720215 0.677734 0.732910 0.676758 0.737305 0.672852 0.746094 0.672852 0.757324 0.681641 0.760254 0.686523 0.761719 0.686523 0.767090 0.695312 0.774902 0.702148 0.791016 0.701172 0.794922 0.697266 0.802734 0.695312 0.810059 0.687500 0.813965 0.686523 0.817871 0.683594 0.853027 0.673828 0.856445 0.667969 0.857910 0.659180 0.856934 0.641602 0.852539 0.620117 0.848633 0.610352 0.845215 0.606445 0.844238 0.599609 0.836426 0.582031 0.831543 0.579102 0.828125 0.569336 0.816895 0.554688 0.814453 0.553711 0.804688 0.544922 0.798828 0.542969 0.788574 0.536133 0.753906 0.528320 0.731934 0.531250 0.723145 0.539062 0.719238 0.541016 0.715820 0.544922 0.714355 0.544922 0.705566 0.555664 0.698730 0.565430 0.691895 0.580078 0.690918 0.580078