8 0.434082 0.848633 0.434082 0.849609 0.434570 0.850586 0.434570 0.853516 0.435059 0.854492 0.435059 0.855469 0.436523 0.858398 0.436523 0.859375 0.438477 0.863281 0.438965 0.863281 0.439453 0.864258 0.441895 0.864258 0.442383 0.865234 0.443848 0.865234 0.443848 0.861328 0.444336 0.860352 0.444336 0.855469 0.443848 0.854492 0.443848 0.852539 0.443359 0.851562 0.443359 0.849609 0.441406 0.845703 0.440918 0.845703 0.440430 0.844727 0.439941 0.844727 0.439453 0.843750 0.437988 0.843750 0.436523 0.846680 0.436035 0.846680 0.435547 0.847656 0.435059 0.847656 0.434570 0.848633
8 0.615234 0.706055 0.615234 0.711914 0.615723 0.712891 0.616211 0.712891 0.617188 0.714844 0.617676 0.714844 0.618652 0.716797 0.619141 0.716797 0.620605 0.719727 0.621094 0.719727 0.622559 0.722656 0.624512 0.722656 0.625000 0.721680 0.625488 0.721680 0.625977 0.720703 0.626465 0.720703 0.626953 0.721680 0.627930 0.721680 0.628418 0.722656 0.631836 0.722656 0.632324 0.723633 0.633301 0.723633 0.633789 0.724609 0.634277 0.724609 0.634277 0.708984 0.631836 0.708984 0.631348 0.708008 0.631348 0.707031 0.630371 0.705078 0.628418 0.705078 0.627930 0.704102 0.618652 0.704102 0.618164 0.705078 0.616211 0.705078 0.615723 0.706055
8 0.741699 0.674805 0.742676 0.676758 0.742676 0.677734 0.745117 0.682617 0.745117 0.683594 0.745605 0.684570 0.746094 0.684570 0.747070 0.686523 0.749512 0.686523 0.750000 0.687500 0.751953 0.687500 0.752930 0.685547 0.752930 0.679688 0.752441 0.678711 0.752441 0.677734 0.751953 0.676758 0.751953 0.675781 0.751465 0.674805 0.751465 0.673828 0.750977 0.673828 0.750488 0.672852 0.749023 0.672852 0.748535 0.671875 0.747070 0.671875 0.746582 0.670898 0.745117 0.670898 0.744629 0.671875 0.744141 0.671875 0.743652 0.672852 0.743164 0.672852 0.742676 0.673828 0.742188 0.673828
8 0.641602 0.549805 0.641602 0.553711 0.642090 0.554688 0.642090 0.555664 0.642578 0.556641 0.645996 0.556641 0.646484 0.555664 0.646484 0.551758 0.645020 0.548828 0.645020 0.547852 0.644531 0.546875 0.643555 0.546875 0.642578 0.548828 0.642090 0.548828
8 0.656250 0.524414 0.656738 0.525391 0.657715 0.525391 0.658691 0.527344 0.659180 0.527344 0.659668 0.528320 0.660156 0.528320 0.660645 0.529297 0.665039 0.529297 0.665039 0.526367 0.663086 0.522461 0.661133 0.522461 0.660645 0.521484 0.659668 0.521484 0.659180 0.520508 0.658691 0.520508 0.657715 0.522461 0.657227 0.522461
8 0.649902 0.518555 0.648926 0.520508 0.648926 0.521484 0.648438 0.522461 0.648438 0.530273 0.648926 0.531250 0.648926 0.532227 0.650391 0.535156 0.650391 0.536133 0.650879 0.537109 0.651367 0.536133 0.651367 0.535156 0.651855 0.534180 0.652344 0.534180 0.652344 0.533203 0.652832 0.532227 0.652832 0.531250 0.653809 0.529297 0.653809 0.524414 0.652344 0.521484 0.651367 0.521484
8 0.521973 0.513672 0.521484 0.514648 0.521484 0.515625 0.520020 0.518555 0.520020 0.519531 0.519531 0.520508 0.519043 0.520508 0.519531 0.520508 0.520508 0.522461 0.520508 0.523438 0.521484 0.525391 0.521973 0.525391 0.522461 0.526367 0.522461 0.527344 0.523438 0.529297 0.525391 0.529297 0.525879 0.530273 0.527832 0.530273 0.527832 0.518555 0.526855 0.518555 0.526367 0.517578 0.525879 0.517578 0.525391 0.516602 0.524902 0.516602 0.524414 0.515625 0.523926 0.515625 0.523438 0.514648 0.522949 0.514648 0.522461 0.513672
8 0.681641 0.508789 0.682129 0.509766 0.682129 0.510742 0.682617 0.511719 0.682617 0.512695 0.683105 0.513672 0.684082 0.513672 0.684570 0.514648 0.685059 0.514648 0.685547 0.515625 0.686035 0.515625 0.686523 0.516602 0.687012 0.516602 0.687500 0.517578 0.689453 0.517578 0.689941 0.518555 0.691406 0.518555 0.691406 0.517578 0.690918 0.517578 0.690430 0.516602 0.690430 0.514648 0.689941 0.513672 0.689941 0.512695 0.689453 0.511719 0.689453 0.510742 0.688965 0.509766 0.688477 0.509766 0.687988 0.508789 0.687012 0.508789 0.686523 0.507812 0.686035 0.507812 0.685547 0.506836 0.684570 0.506836 0.684082 0.507812 0.682617 0.507812 0.682129 0.508789
8 0.657227 0.473633 0.657715 0.474609 0.657715 0.476562 0.658203 0.477539 0.658203 0.479492 0.658691 0.480469 0.658691 0.482422 0.659180 0.483398 0.659180 0.484375 0.659668 0.485352 0.660156 0.485352 0.660645 0.486328 0.661133 0.486328 0.662598 0.489258 0.663574 0.489258 0.664062 0.490234 0.668457 0.490234 0.668457 0.485352 0.667969 0.484375 0.667969 0.483398 0.667480 0.483398 0.666992 0.482422 0.664062 0.482422 0.663574 0.481445 0.663574 0.480469 0.661133 0.475586 0.660645 0.475586 0.660156 0.474609 0.659668 0.474609 0.659180 0.473633 0.658691 0.473633 0.658203 0.472656 0.657715 0.473633
8 0.579590 0.449219 0.579102 0.449219 0.578613 0.450195 0.577148 0.450195 0.576660 0.451172 0.575684 0.451172 0.575195 0.452148 0.574707 0.452148 0.574219 0.453125 0.573730 0.453125 0.573242 0.454102 0.572754 0.454102 0.572266 0.455078 0.571289 0.455078 0.570801 0.456055 0.570312 0.456055 0.569824 0.457031 0.570312 0.458008 0.570312 0.458984 0.571289 0.460938 0.574219 0.460938 0.574707 0.459961 0.575195 0.459961 0.576660 0.457031 0.577148 0.457031 0.578613 0.454102 0.579590 0.454102
8 0.447754 0.338867 0.447754 0.346680 0.448730 0.348633 0.449219 0.348633 0.450195 0.350586 0.450195 0.351562 0.451660 0.354492 0.451660 0.355469 0.452148 0.356445 0.452637 0.356445 0.453613 0.358398 0.453613 0.359375 0.454102 0.360352 0.454102 0.361328 0.454590 0.362305 0.454590 0.363281 0.455078 0.362305 0.455078 0.359375 0.455566 0.358398 0.456055 0.359375 0.457520 0.359375 0.458008 0.360352 0.458496 0.360352 0.458984 0.361328 0.459473 0.361328 0.459473 0.360352 0.458496 0.358398 0.458008 0.358398 0.457031 0.356445 0.456543 0.356445 0.456055 0.355469 0.455566 0.355469 0.455078 0.354492 0.455078 0.352539 0.455566 0.351562 0.455566 0.348633 0.453613 0.344727 0.453613 0.343750 0.453125 0.342773 0.453125 0.341797 0.452637 0.340820 0.452637 0.339844 0.451660 0.337891 0.451172 0.337891 0.450684 0.336914 0.450195 0.336914 0.449707 0.337891 0.448730 0.337891 0.448242 0.338867
8 0.455078 0.334961 0.455078 0.341797 0.455566 0.342773 0.455566 0.343750 0.456055 0.344727 0.456055 0.345703 0.456543 0.346680 0.456543 0.347656 0.457031 0.347656 0.458008 0.349609 0.458008 0.350586 0.458496 0.351562 0.458496 0.352539 0.458984 0.353516 0.458984 0.354492 0.459473 0.355469 0.459473 0.356445 0.460938 0.359375 0.460938 0.360352 0.462402 0.363281 0.463867 0.360352 0.463867 0.358398 0.463379 0.357422 0.463379 0.354492 0.462891 0.353516 0.462891 0.351562 0.462402 0.350586 0.462402 0.349609 0.461914 0.348633 0.461914 0.347656 0.461426 0.346680 0.461426 0.344727 0.460938 0.343750 0.460938 0.342773 0.460449 0.341797 0.460449 0.339844 0.458984 0.336914 0.458496 0.336914 0.457520 0.334961
8 0.458984 0.316406 0.458496 0.315430 0.458008 0.315430 0.457520 0.314453 0.456543 0.314453 0.456055 0.313477 0.455566 0.314453 0.455078 0.314453 0.453613 0.317383 0.453125 0.317383 0.452637 0.318359 0.452637 0.324219 0.452148 0.325195 0.452148 0.326172 0.451660 0.327148 0.451660 0.328125 0.451172 0.329102 0.451660 0.329102 0.452148 0.328125 0.452637 0.328125 0.453613 0.326172 0.454590 0.328125 0.455566 0.326172 0.456055 0.326172 0.456543 0.325195 0.457031 0.325195 0.458008 0.323242 0.458496 0.323242 0.459473 0.321289 0.459473 0.319336 0.458984 0.318359
12 0.000000 0.000000 0.000000 0.358398 0.060059 0.333984 0.094727 0.359375 0.142090 0.366211 0.143066 0.346680 0.158203 0.342773 0.161133 0.281250 0.145508 0.316406 0.104004 0.263672 0.104004 0.232422 0.122559 0.208984 0.154297 0.204102 0.155762 0.176758 0.178711 0.154297 0.204102 0.151367 0.233398 0.168945 0.263672 0.217773 0.291016 0.215820 0.324707 0.232422 0.333496 0.252930 0.352539 0.253906 0.361816 0.278320 0.372559 0.281250 0.388672 0.260742 0.426758 0.282227 0.438965 0.347656 0.452637 0.359375 0.455078 0.382812 0.500488 0.454102 0.515137 0.506836 0.529297 0.520508 0.546387 0.492188 0.553711 0.449219 0.528320 0.415039 0.534180 0.369141 0.581543 0.330078 0.622559 0.336914 0.647949 0.377930 0.651367 0.411133 0.629395 0.574219 0.640625 0.580078 0.656738 0.539062 0.678223 0.535156 0.690918 0.579102 0.730957 0.637695 0.750488 0.724609 0.751465 0.844727 0.811035 0.990234 0.854004 0.999023 0.886230 0.986328 0.916504 0.999023 0.999512 0.995117 0.999512 0.000000
13 0.500000 0.820312 0.472168 0.820312 0.472168 0.822266 0.472656 0.822266 0.473145 0.823242 0.473145 0.826172 0.473633 0.827148 0.473633 0.829102 0.474121 0.830078 0.474121 0.833008 0.474609 0.833984 0.474609 0.837891 0.475098 0.838867 0.475098 0.841797 0.475586 0.842773 0.475586 0.845703 0.476074 0.846680 0.476074 0.848633 0.476562 0.849609 0.476562 0.852539 0.477051 0.853516 0.477051 0.855469 0.477539 0.855469 0.479004 0.858398 0.479492 0.858398 0.479980 0.859375 0.480469 0.859375 0.481445 0.861328 0.481445 0.862305 0.481934 0.863281 0.481934 0.865234 0.482910 0.867188 0.482910 0.869141 0.483398 0.870117 0.483398 0.872070 0.483887 0.873047 0.483887 0.874023 0.484375 0.875000 0.484375 0.876953 0.484863 0.877930 0.484863 0.878906 0.484863 0.877930 0.485352 0.876953 0.485352 0.875000 0.485840 0.874023 0.485840 0.873047 0.486328 0.872070 0.486328 0.870117 0.486816 0.869141 0.486816 0.867188 0.487305 0.866211 0.487305 0.865234 0.487793 0.864258 0.488281 0.864258 0.488281 0.862305 0.488770 0.861328 0.488770 0.859375 0.489258 0.858398 0.489258 0.857422 0.489746 0.856445 0.489746 0.854492 0.490234 0.853516 0.490234 0.851562 0.490723 0.850586 0.490723 0.848633 0.491699 0.846680 0.492188 0.846680 0.493164 0.844727 0.493652 0.844727 0.494629 0.842773 0.495117 0.842773 0.495605 0.841797 0.496582 0.841797 0.497559 0.839844 0.498047 0.839844 0.499023 0.837891 0.499512 0.837891 0.500000 0.836914
13 0.000000 0.568359 0.000000 0.658203 0.000488 0.659180 0.000488 0.663086 0.027344 0.663086 0.030762 0.660156 0.035645 0.658203 0.045898 0.651367 0.047852 0.657227 0.049805 0.667969 0.051270 0.669922 0.054688 0.686523 0.062500 0.686523 0.065430 0.683594 0.066895 0.683594 0.069824 0.680664 0.072266 0.679688 0.073730 0.677734 0.076660 0.676758 0.078125 0.674805 0.089844 0.680664 0.095703 0.668945 0.097656 0.666992 0.099609 0.653320 0.101074 0.649414 0.108887 0.648438 0.109375 0.647461 0.114258 0.647461 0.114746 0.646484 0.129395 0.646484 0.121094 0.631836 0.120117 0.631836 0.111328 0.615234 0.107422 0.601562 0.104492 0.595703 0.099609 0.580078 0.098633 0.580078 0.095703 0.576172 0.090820 0.567383 0.089355 0.566406 0.086914 0.562500 0.038574 0.562500 0.038086 0.563477 0.031738 0.563477 0.031250 0.564453 0.024902 0.564453 0.024414 0.565430 0.017578 0.565430 0.017090 0.566406 0.010742 0.566406 0.010254 0.567383
13 0.407227 0.646484 0.388672 0.642578 0.379883 0.651367 0.364258 0.651367 0.356445 0.629883 0.366699 0.594727 0.379883 0.593750 0.379883 0.568359 0.354492 0.575195 0.346191 0.557617 0.327637 0.566406 0.324219 0.557617 0.333008 0.531250 0.323242 0.511719 0.315918 0.508789 0.310059 0.525391 0.244141 0.548828 0.224121 0.526367 0.213867 0.492188 0.235352 0.475586 0.230469 0.469727 0.238770 0.437500 0.238770 0.423828 0.229004 0.423828 0.229980 0.446289 0.222656 0.451172 0.212402 0.445312 0.205566 0.449219 0.189453 0.432617 0.178711 0.432617 0.172852 0.438477 0.186523 0.448242 0.187988 0.460938 0.196289 0.476562 0.206055 0.525391 0.217285 0.538086 0.222168 0.580078 0.206543 0.652344 0.204590 0.678711 0.194336 0.704102 0.195801 0.765625 0.188965 0.826172 0.178223 0.846680 0.143066 0.846680 0.107422 0.862305 0.041016 0.833008 0.019043 0.860352 0.000977 0.892578 0.000000 0.999023 0.162109 0.999023 0.162109 0.991211 0.152344 0.990234 0.152344 0.976562 0.130371 0.976562 0.129395 0.957031 0.140137 0.948242 0.135742 0.929688 0.156738 0.929688 0.168945 0.948242 0.210938 0.949219 0.213379 0.969727 0.221680 0.961914 0.238770 0.962891 0.246094 0.944336 0.257324 0.956055 0.257812 0.971680 0.273926 0.941406 0.287109 0.893555 0.303223 0.883789 0.318848 0.891602 0.328613 0.904297 0.326660 0.927734 0.331055 0.944336 0.320801 0.976562 0.312500 0.975586 0.311035 0.984375 0.288574 0.984375 0.287598 0.975586 0.276367 0.974609 0.263672 0.985352 0.263672 0.999023 0.319824 0.999023 0.334961 0.972656 0.344727 0.972656 0.354004 0.959961 0.379883 0.949219 0.391602 0.949219 0.394531 0.891602 0.335449 0.891602 0.320312 0.871094 0.297852 0.871094 0.268555 0.859375 0.268066 0.755859 0.315918 0.693359 0.336914 0.680664 0.385254 0.683594 0.407227 0.665039
16 0.603516 0.994141 0.603516 0.999023 0.721680 0.999023 0.721191 0.991211 0.720215 0.987305 0.718262 0.985352 0.715332 0.980469 0.714355 0.980469 0.709961 0.973633 0.708496 0.973633 0.707031 0.971680 0.705566 0.971680 0.703125 0.968750 0.701172 0.960938 0.702637 0.954102 0.694824 0.939453 0.694824 0.934570 0.693359 0.931641 0.689453 0.930664 0.686035 0.923828 0.680176 0.923828 0.676758 0.928711 0.675293 0.929688 0.674316 0.933594 0.674316 0.935547 0.673340 0.937500 0.671387 0.937500 0.668457 0.933594 0.667969 0.923828 0.669434 0.919922 0.668457 0.919922 0.667969 0.918945 0.664062 0.918945 0.663574 0.917969 0.661621 0.917969 0.661133 0.918945 0.659180 0.918945 0.658691 0.919922 0.652832 0.918945 0.652344 0.919922 0.650391 0.919922 0.646973 0.923828 0.642578 0.919922 0.638672 0.919922 0.638184 0.921875 0.636230 0.924805 0.635254 0.928711 0.635254 0.931641 0.633789 0.938477 0.632812 0.948242 0.631348 0.951172 0.627930 0.953125 0.626465 0.955078 0.624512 0.955078 0.624023 0.956055 0.622070 0.956055 0.621582 0.957031 0.615234 0.958008 0.606445 0.982422 0.605957 0.985352 0.604492 0.987305 0.604004 0.989258 0.604004 0.993164
16 0.171875 0.678711 0.169922 0.674805 0.162109 0.672852 0.159180 0.666016 0.156738 0.654297 0.150879 0.648438 0.145020 0.648438 0.140137 0.652344 0.132812 0.654297 0.125977 0.653320 0.121582 0.649414 0.110840 0.651367 0.104980 0.656250 0.103027 0.665039 0.101562 0.667969 0.096191 0.673828 0.092773 0.679688 0.085449 0.682617 0.080078 0.677734 0.075684 0.677734 0.066406 0.686523 0.062988 0.687500 0.061523 0.689453 0.059082 0.687500 0.054688 0.687500 0.053711 0.685547 0.048340 0.684570 0.045898 0.669922 0.043945 0.666992 0.038574 0.664062 0.028809 0.663086 0.021973 0.669922 0.015625 0.669922 0.009277 0.671875 0.001465 0.685547 0.000000 0.685547 0.000000 0.787109 0.001953 0.787109 0.005859 0.782227 0.008301 0.784180 0.014160 0.783203 0.019043 0.778320 0.030273 0.775391 0.033691 0.769531 0.051758 0.761719 0.064453 0.749023 0.066406 0.746094 0.068359 0.740234 0.077637 0.739258 0.083984 0.743164 0.091797 0.741211 0.094238 0.745117 0.097656 0.745117 0.104492 0.740234 0.108398 0.740234 0.111816 0.744141 0.114258 0.744141 0.120605 0.741211 0.132812 0.739258 0.136719 0.734375 0.142090 0.723633 0.153320 0.721680 0.160645 0.717773 0.165527 0.705078 0.170898 0.697266 0.170898 0.690430 0.172363 0.686523
16 0.000000 0.367188 0.000000 0.552734 0.015137 0.553711 0.016602 0.555664 0.029297 0.554688 0.031250 0.538086 0.033691 0.534180 0.044434 0.536133 0.048340 0.548828 0.051270 0.546875 0.055176 0.548828 0.060547 0.547852 0.063965 0.554688 0.067383 0.551758 0.074707 0.551758 0.079590 0.548828 0.082520 0.553711 0.087891 0.555664 0.093750 0.550781 0.103027 0.536133 0.104492 0.536133 0.107910 0.540039 0.108887 0.551758 0.110840 0.556641 0.124023 0.556641 0.126953 0.560547 0.136230 0.554688 0.143066 0.556641 0.145996 0.553711 0.150391 0.553711 0.154785 0.546875 0.157227 0.531250 0.156738 0.514648 0.161133 0.500977 0.169922 0.500000 0.171875 0.488281 0.177734 0.482422 0.189941 0.484375 0.190430 0.475586 0.183594 0.460938 0.183594 0.457031 0.181152 0.451172 0.178223 0.447266 0.173828 0.445312 0.169434 0.438477 0.166504 0.436523 0.157227 0.417969 0.150391 0.414062 0.143555 0.398438 0.145508 0.391602 0.153320 0.388672 0.150879 0.378906 0.142090 0.383789 0.139648 0.378906 0.135254 0.377930 0.128906 0.370117 0.122559 0.367188 0.108398 0.366211 0.104004 0.368164 0.095215 0.366211 0.086426 0.357422 0.079590 0.355469 0.067383 0.342773 0.044434 0.343750 0.036133 0.350586 0.016113 0.352539 0.008789 0.357422 0.003906 0.365234
16 0.647461 0.396484 0.646973 0.395508 0.646484 0.385742 0.644531 0.379883 0.643555 0.378906 0.643066 0.375977 0.632324 0.355469 0.626953 0.348633 0.624512 0.348633 0.621094 0.345703 0.619141 0.345703 0.615723 0.342773 0.610352 0.340820 0.609863 0.339844 0.608887 0.339844 0.606934 0.337891 0.604980 0.337891 0.604492 0.336914 0.600098 0.337891 0.599609 0.338867 0.585938 0.337891 0.583984 0.339844 0.580566 0.340820 0.574219 0.347656 0.571289 0.348633 0.566406 0.354492 0.565430 0.354492 0.556641 0.363281 0.553711 0.364258 0.551758 0.366211 0.548340 0.366211 0.544922 0.369141 0.543457 0.369141 0.542969 0.370117 0.540527 0.371094 0.538086 0.376953 0.535645 0.386719 0.534668 0.387695 0.534668 0.389648 0.532227 0.398438 0.531738 0.409180 0.532715 0.413086 0.534180 0.415039 0.536621 0.416016 0.539551 0.418945 0.541504 0.418945 0.543945 0.420898 0.546875 0.428711 0.550293 0.432617 0.552246 0.433594 0.554199 0.436523 0.560547 0.436523 0.567383 0.446289 0.569824 0.447266 0.570312 0.448242 0.571777 0.448242 0.575684 0.441406 0.583008 0.440430 0.585449 0.436523 0.586426 0.436523 0.588867 0.432617 0.589844 0.432617 0.590332 0.431641 0.592285 0.431641 0.594238 0.436523 0.596680 0.436523 0.597168 0.435547 0.598633 0.435547 0.608398 0.428711 0.616699 0.427734 0.620117 0.422852 0.621094 0.422852 0.621582 0.421875 0.625000 0.421875 0.628418 0.425781 0.629395 0.425781 0.630859 0.427734 0.632324 0.427734 0.632812 0.428711 0.634277 0.428711 0.636230 0.425781 0.637207 0.425781 0.638672 0.422852 0.641602 0.419922 0.642090 0.417969 0.644043 0.420898 0.646484 0.421875 0.647461 0.418945