4 0.138184 0.998047 0.138184 0.999023 0.178711 0.999023 0.178711 0.998047 0.178223 0.997070 0.178223 0.996094 0.156738 0.996094 0.156250 0.995117 0.155762 0.995117 0.155273 0.994141 0.150879 0.994141 0.150391 0.995117 0.142578 0.995117 0.142090 0.996094 0.138672 0.996094 0.138672 0.997070
4 0.000000 0.994141 0.000000 0.999023 0.076660 0.999023 0.076172 0.996094 0.072754 0.996094 0.072266 0.995117 0.047363 0.995117 0.046875 0.996094 0.024414 0.996094 0.023926 0.995117 0.022949 0.995117 0.022461 0.994141
4 0.249023 0.998047 0.248535 0.997070 0.248535 0.996094 0.247559 0.994141 0.247070 0.994141 0.246094 0.992188 0.245117 0.992188 0.244629 0.991211 0.243652 0.991211 0.243164 0.990234 0.242676 0.991211 0.239258 0.991211 0.238281 0.993164 0.237305 0.993164 0.236816 0.994141 0.229980 0.994141 0.229492 0.993164 0.221191 0.993164 0.220703 0.994141 0.218750 0.994141 0.218262 0.995117 0.215820 0.995117 0.215332 0.996094 0.203613 0.996094 0.203125 0.995117 0.187988 0.995117 0.187500 0.996094 0.184082 0.996094 0.184082 0.997070 0.183594 0.998047 0.183105 0.998047 0.183105 0.999023 0.249023 0.999023
4 0.813965 0.977539 0.813965 0.980469 0.813477 0.981445 0.813477 0.984375 0.812988 0.985352 0.812988 0.989258 0.812500 0.990234 0.812500 0.992188 0.812012 0.993164 0.812012 0.996094 0.811523 0.997070 0.811523 0.999023 0.829590 0.999023 0.828613 0.997070 0.828125 0.997070 0.825684 0.992188 0.825195 0.992188 0.824707 0.991211 0.823730 0.991211 0.822266 0.988281 0.821777 0.988281 0.819336 0.983398 0.818848 0.983398 0.816406 0.978516 0.815430 0.978516 0.814453 0.976562
4 0.922363 0.833984 0.921875 0.844727 0.924316 0.853516 0.928223 0.859375 0.934570 0.863281 0.937012 0.870117 0.937988 0.875000 0.939453 0.877930 0.944824 0.883789 0.946777 0.887695 0.950684 0.892578 0.950684 0.898438 0.943359 0.913086 0.939941 0.916016 0.918457 0.915039 0.917969 0.916016 0.914062 0.916016 0.910645 0.919922 0.909668 0.919922 0.909180 0.927734 0.910645 0.928711 0.912598 0.932617 0.911621 0.934570 0.907227 0.937500 0.896973 0.948242 0.901855 0.954102 0.904297 0.955078 0.916504 0.970703 0.919922 0.972656 0.920898 0.974609 0.920410 0.995117 0.923828 0.995117 0.926270 0.990234 0.928711 0.999023 0.999512 0.999023 0.999512 0.905273 0.997559 0.905273 0.993652 0.901367 0.992188 0.901367 0.991211 0.899414 0.984863 0.893555 0.975098 0.887695 0.973145 0.884766 0.971191 0.883789 0.966797 0.875977 0.963379 0.872070 0.960938 0.867188 0.956543 0.862305 0.949707 0.851562 0.939941 0.846680 0.938477 0.844727
4 0.735352 0.758789 0.735840 0.758789 0.736328 0.759766 0.736816 0.759766 0.737305 0.760742 0.738281 0.760742 0.738770 0.761719 0.739258 0.761719 0.739746 0.762695 0.740234 0.762695 0.740723 0.763672 0.741211 0.763672 0.741699 0.764648 0.742676 0.764648 0.743164 0.765625 0.743652 0.765625 0.744141 0.766602 0.744629 0.766602 0.745117 0.767578 0.742188 0.761719 0.741699 0.761719 0.740234 0.758789 0.739746 0.758789 0.739258 0.757812 0.738770 0.757812 0.738281 0.756836 0.736328 0.756836
4 0.749023 0.735352 0.746094 0.741211 0.745117 0.741211 0.742188 0.747070 0.744629 0.747070 0.745117 0.746094 0.748047 0.746094 0.748047 0.743164 0.748535 0.742188 0.748535 0.737305 0.749023 0.736328
4 0.608398 0.693359 0.614746 0.688477 0.625000 0.686523 0.629395 0.682617 0.643555 0.682617 0.652344 0.696289 0.656250 0.706055 0.659668 0.723633 0.662598 0.731445 0.663574 0.746094 0.670410 0.760742 0.675293 0.791016 0.688965 0.837891 0.688477 0.850586 0.691895 0.869141 0.691895 0.882812 0.693848 0.888672 0.695801 0.911133 0.702148 0.924805 0.702637 0.947266 0.698730 0.959961 0.698242 0.971680 0.696777 0.974609 0.689941 0.977539 0.689453 0.984375 0.690430 0.987305 0.692871 0.989258 0.696777 0.987305 0.700684 0.991211 0.712402 0.990234 0.715820 0.996094 0.715820 0.999023 0.717773 0.999023 0.719727 0.992188 0.723633 0.999023 0.785156 0.999023 0.752441 0.866211 0.748047 0.887695 0.731445 0.886719 0.729492 0.881836 0.726562 0.864258 0.705078 0.855469 0.704590 0.910156 0.716797 0.885742 0.717773 0.942383 0.706055 0.941406 0.668945 0.706055 0.665527 0.690430 0.642578 0.657227
4 0.000000 0.649414 0.002441 0.649414 0.003418 0.647461 0.003906 0.647461 0.006348 0.642578 0.005859 0.641602 0.000000 0.641602
4 0.720215 0.633789 0.720215 0.634766 0.721680 0.637695 0.721680 0.638672 0.722168 0.639648 0.722656 0.639648 0.724609 0.643555 0.724609 0.644531 0.727051 0.649414 0.727051 0.650391 0.727539 0.650391 0.729980 0.655273 0.729980 0.656250 0.730469 0.656250 0.732910 0.661133 0.732910 0.662109 0.735352 0.666992 0.735352 0.667969 0.735840 0.668945 0.736328 0.668945 0.737793 0.671875 0.738281 0.671875 0.738770 0.672852 0.738770 0.673828 0.741211 0.678711 0.741211 0.679688 0.742188 0.681641 0.742188 0.680664 0.741699 0.679688 0.741699 0.677734 0.741211 0.676758 0.741211 0.674805 0.740723 0.673828 0.740723 0.670898 0.738281 0.666016 0.737793 0.666016 0.737305 0.665039 0.736816 0.665039 0.734863 0.661133 0.734863 0.659180 0.734375 0.658203 0.734375 0.655273 0.733887 0.654297 0.733887 0.651367 0.733398 0.650391 0.733398 0.647461 0.732910 0.646484 0.732910 0.643555 0.732422 0.642578 0.732422 0.640625 0.731934 0.640625 0.731445 0.639648 0.729980 0.639648 0.729492 0.638672 0.728027 0.638672 0.727539 0.637695 0.726562 0.637695 0.726074 0.636719 0.725098 0.636719 0.724609 0.635742 0.723145 0.635742 0.722656 0.634766 0.721191 0.634766 0.720703 0.633789
4 0.704590 0.581055 0.705078 0.582031 0.705566 0.582031 0.706543 0.583984 0.707031 0.583984 0.707520 0.584961 0.708008 0.584961 0.709473 0.587891 0.709961 0.587891 0.711426 0.590820 0.711914 0.590820 0.713379 0.593750 0.713867 0.593750 0.714355 0.594727 0.714844 0.594727 0.715820 0.596680 0.716309 0.596680 0.716797 0.597656 0.715332 0.594727 0.715332 0.593750 0.714844 0.592773 0.714355 0.592773 0.713867 0.591797 0.713867 0.590820 0.712891 0.588867 0.712891 0.587891 0.712402 0.586914 0.711914 0.586914 0.711426 0.585938 0.710938 0.585938 0.710449 0.584961 0.709961 0.584961 0.709473 0.583984 0.708984 0.583984 0.708496 0.583008 0.708008 0.583008 0.707520 0.582031 0.706543 0.582031 0.706055 0.581055
4 0.490234 0.458984 0.490723 0.458984 0.492188 0.461914 0.492676 0.461914 0.494141 0.464844 0.494629 0.464844 0.495605 0.466797 0.496094 0.466797 0.496582 0.467773 0.496094 0.468750 0.495605 0.468750 0.494629 0.470703 0.494141 0.470703 0.492676 0.473633 0.491699 0.473633 0.491699 0.474609 0.492188 0.475586 0.492188 0.477539 0.492676 0.478516 0.492676 0.480469 0.493164 0.481445 0.493164 0.482422 0.493652 0.483398 0.493652 0.485352 0.494141 0.486328 0.494141 0.491211 0.493652 0.492188 0.493652 0.496094 0.494141 0.497070 0.494629 0.497070 0.495605 0.499023 0.496094 0.499023 0.496582 0.500000 0.497070 0.500000 0.498047 0.501953 0.499512 0.499023 0.499512 0.496094 0.500000 0.495117 0.500000 0.491211 0.500488 0.490234 0.500488 0.488281 0.500977 0.487305 0.501465 0.487305 0.501953 0.486328 0.502441 0.486328 0.503418 0.488281 0.503906 0.488281 0.504395 0.489258 0.504395 0.491211 0.504883 0.492188 0.504883 0.498047 0.505371 0.499023 0.505371 0.500977 0.505859 0.501953 0.506348 0.501953 0.506836 0.502930 0.507812 0.502930 0.508301 0.503906 0.508789 0.503906 0.509277 0.504883 0.509766 0.504883 0.510742 0.506836 0.510742 0.507812 0.511230 0.508789 0.511719 0.508789 0.512207 0.509766 0.512207 0.510742 0.512695 0.511719 0.512695 0.512695 0.513184 0.513672 0.513184 0.514648 0.513672 0.515625 0.513672 0.516602 0.514160 0.516602 0.514160 0.512695 0.513672 0.511719 0.513672 0.495117 0.512207 0.495117 0.511719 0.496094 0.509277 0.496094 0.508789 0.495117 0.508789 0.494141 0.508301 0.493164 0.508301 0.492188 0.507324 0.490234 0.507324 0.486328 0.506836 0.485352 0.506836 0.478516 0.506348 0.477539 0.506348 0.473633 0.506836 0.472656 0.507324 0.472656 0.507812 0.471680 0.508301 0.471680 0.510254 0.467773 0.510254 0.466797 0.510742 0.465820 0.510742 0.464844 0.511230 0.463867 0.511719 0.463867 0.511719 0.462891 0.512207 0.461914 0.512207 0.460938 0.511719 0.459961 0.511719 0.458984 0.511230 0.458984 0.509766 0.456055 0.509766 0.455078 0.508301 0.455078 0.507324 0.457031 0.506836 0.457031 0.506348 0.458008 0.505859 0.458008 0.505371 0.458984 0.497559 0.458984 0.497070 0.458008 0.496582 0.458008 0.496094 0.457031 0.495117 0.457031 0.494629 0.456055 0.494141 0.456055 0.493652 0.455078 0.493164 0.456055 0.492676 0.456055 0.491699 0.458008 0.491211 0.458008 0.490723 0.458984
4 0.515625 0.426758 0.516602 0.458984 0.517578 0.463867 0.517090 0.467773 0.517578 0.484375 0.522949 0.491211 0.524414 0.499023 0.528809 0.502930 0.528320 0.510742 0.529785 0.516602 0.526367 0.524414 0.528320 0.525391 0.530762 0.529297 0.531738 0.580078 0.541992 0.592773 0.549805 0.596680 0.560059 0.599609 0.564941 0.608398 0.574707 0.618164 0.579590 0.626953 0.590332 0.637695 0.592773 0.642578 0.593262 0.658203 0.595703 0.670898 0.602539 0.686523 0.606445 0.693359 0.605469 0.689453 0.604492 0.688477 0.597656 0.658203 0.596680 0.657227 0.592773 0.640625 0.585938 0.632812 0.575195 0.617188 0.572266 0.615234 0.561523 0.599609 0.576660 0.570312 0.571289 0.562500 0.568848 0.560547 0.566895 0.556641 0.565918 0.556641 0.558594 0.544922 0.556641 0.543945 0.545410 0.526367 0.542480 0.524414 0.532227 0.508789 0.533203 0.506836 0.550781 0.496094 0.532715 0.455078 0.533691 0.452148 0.536621 0.449219 0.542969 0.439453 0.541016 0.439453 0.539062 0.437500 0.535645 0.437500
4 0.512695 0.387695 0.512695 0.388672 0.512207 0.389648 0.512207 0.399414 0.511719 0.400391 0.511230 0.400391 0.510742 0.401367 0.510254 0.401367 0.509766 0.402344 0.509277 0.402344 0.507812 0.405273 0.507812 0.413086 0.508789 0.415039 0.509277 0.415039 0.511230 0.418945 0.512695 0.418945 0.513184 0.419922 0.513184 0.403320 0.512695 0.402344
4 0.517090 0.563477 0.514648 0.534180 0.503418 0.532227 0.507324 0.524414 0.500977 0.513672 0.498047 0.526367 0.493652 0.524414 0.494141 0.544922 0.498047 0.550781 0.501953 0.541016 0.504883 0.544922 0.503906 0.552734 0.494141 0.553711 0.492676 0.567383 0.485840 0.575195 0.481934 0.570312 0.471191 0.584961 0.466797 0.579102 0.455078 0.583008 0.445312 0.559570 0.450684 0.551758 0.439941 0.549805 0.420898 0.526367 0.408203 0.521484 0.391602 0.489258 0.391113 0.474609 0.399414 0.467773 0.388672 0.465820 0.377441 0.452148 0.360840 0.448242 0.355469 0.439453 0.352051 0.396484 0.355957 0.383789 0.324707 0.380859 0.320312 0.384766 0.323730 0.391602 0.320801 0.399414 0.316406 0.397461 0.315430 0.383789 0.279785 0.399414 0.280273 0.413086 0.267578 0.414062 0.265137 0.394531 0.204102 0.416992 0.190430 0.428711 0.185547 0.423828 0.173828 0.427734 0.167969 0.442383 0.157715 0.444336 0.153809 0.435547 0.069824 0.465820 0.072266 0.474609 0.067871 0.487305 0.056152 0.482422 0.055176 0.490234 0.048828 0.496094 0.056152 0.502930 0.051758 0.508789 0.044922 0.506836 0.036133 0.521484 0.028320 0.519531 0.018066 0.530273 0.000000 0.527344 0.000000 0.621094 0.013672 0.613281 0.017090 0.625000 0.028320 0.615234 0.032715 0.624023 0.043457 0.618164 0.049805 0.627930 0.060059 0.624023 0.065918 0.634766 0.061035 0.641602 0.049316 0.640625 0.048340 0.649414 0.061035 0.642578 0.080566 0.654297 0.099609 0.647461 0.099121 0.641602 0.095215 0.647461 0.091797 0.637695 0.086426 0.638672 0.079102 0.629883 0.086426 0.625000 0.113281 0.625000 0.115234 0.629883 0.107422 0.649414 0.117676 0.650391 0.125977 0.638672 0.130371 0.650391 0.131348 0.627930 0.133789 0.625000 0.154297 0.628906 0.158691 0.623047 0.180176 0.628906 0.202637 0.626953 0.200195 0.635742 0.192383 0.640625 0.200684 0.654297 0.216309 0.638672 0.220215 0.648438 0.263184 0.654297 0.274902 0.649414 0.293945 0.658203 0.296875 0.663086 0.284668 0.666992 0.290527 0.690430 0.276855 0.697266 0.285645 0.701172 0.283691 0.710938 0.274414 0.701172 0.271484 0.686523 0.266602 0.696289 0.271973 0.720703 0.265625 0.724609 0.268555 0.737305 0.266113 0.746094 0.271484 0.750000 0.274902 0.742188 0.278809 0.745117 0.278809 0.751953 0.271973 0.759766 0.276367 0.774414 0.280273 0.774414 0.279297 0.749023 0.286621 0.743164 0.290039 0.752930 0.286621 0.767578 0.291016 0.774414 0.287598 0.784180 0.289551 0.801758 0.286621 0.805664 0.293945 0.799805 0.299805 0.804688 0.310547 0.801758 0.313477 0.777344 0.326172 0.778320 0.334961 0.771484 0.345703 0.778320 0.357422 0.775391 0.359863 0.748047 0.366211 0.746094 0.373047 0.734375 0.375488 0.746094 0.388672 0.745117 0.392578 0.709961 0.396484 0.725586 0.406738 0.716797 0.419922 0.717773 0.431152 0.689453 0.436035 0.686523 0.438477 0.668945 0.450684 0.666992 0.463379 0.638672 0.482422 0.630859 0.501465 0.610352 0.513672 0.607422 0.516602 0.598633 0.513184 0.577148
4 0.502441 0.379883 0.502441 0.391602 0.501953 0.392578 0.500488 0.392578 0.500000 0.391602 0.500000 0.389648 0.499512 0.388672 0.499512 0.386719 0.499023 0.386719 0.498535 0.385742 0.496582 0.389648 0.496582 0.392578 0.497070 0.392578 0.498047 0.394531 0.498535 0.394531 0.499512 0.396484 0.499512 0.399414 0.498535 0.401367 0.498047 0.401367 0.497559 0.402344 0.497070 0.402344 0.496094 0.404297 0.495605 0.404297 0.495605 0.415039 0.495117 0.416016 0.495117 0.426758 0.494629 0.427734 0.494629 0.428711 0.492188 0.433594 0.491699 0.433594 0.489746 0.437500 0.489258 0.437500 0.488281 0.439453 0.487305 0.439453 0.484375 0.445312 0.483887 0.445312 0.482910 0.447266 0.486816 0.447266 0.487305 0.446289 0.490234 0.446289 0.494141 0.438477 0.494141 0.437500 0.495117 0.435547 0.495117 0.430664 0.495605 0.429688 0.496094 0.429688 0.496094 0.420898 0.496582 0.419922 0.496582 0.412109 0.497070 0.411133 0.497070 0.406250 0.498535 0.403320 0.499023 0.403320 0.500977 0.399414 0.500977 0.398438 0.501465 0.397461 0.501465 0.396484 0.501953 0.395508 0.501953 0.394531 0.502441 0.393555 0.502441 0.391602 0.502930 0.390625 0.502930 0.389648 0.503418 0.388672 0.503906 0.388672 0.503906 0.387695 0.504395 0.386719 0.504395 0.384766 0.503906 0.383789 0.503418 0.383789 0.502930 0.382812 0.502930 0.381836 0.502441 0.380859
4 0.611328 0.393555 0.615234 0.438477 0.632324 0.446289 0.649902 0.504883 0.666016 0.502930 0.650391 0.523438 0.663086 0.536133 0.661621 0.517578 0.668945 0.510742 0.674805 0.494141 0.701172 0.526367 0.715332 0.520508 0.731934 0.531250 0.736328 0.542969 0.739746 0.544922 0.754395 0.539062 0.771973 0.543945 0.782227 0.550781 0.821289 0.554688 0.841797 0.525391 0.857910 0.524414 0.861328 0.527344 0.861328 0.533203 0.857422 0.539062 0.835938 0.550781 0.827637 0.562500 0.830078 0.577148 0.860352 0.551758 0.889160 0.552734 0.921875 0.567383 0.952637 0.573242 0.966309 0.581055 0.991699 0.607422 0.999512 0.609375 0.999512 0.527344 0.981445 0.528320 0.975098 0.524414 0.968262 0.514648 0.962402 0.492188 0.955078 0.481445 0.951172 0.488281 0.938965 0.482422 0.935547 0.492188 0.931641 0.489258 0.927246 0.491211 0.921387 0.488281 0.918945 0.480469 0.908203 0.473633 0.904297 0.460938 0.901367 0.458008 0.876465 0.458008 0.873047 0.468750 0.869629 0.465820 0.862305 0.467773 0.860352 0.460938 0.861328 0.467773 0.851562 0.483398 0.845703 0.483398 0.844727 0.479492 0.847168 0.474609 0.854492 0.469727 0.853027 0.458984 0.846680 0.456055 0.842285 0.459961 0.833008 0.458984 0.822754 0.445312 0.797363 0.447266 0.792969 0.438477 0.782715 0.430664 0.778320 0.419922 0.765625 0.418945 0.760254 0.423828 0.745605 0.423828 0.741211 0.412109 0.723633 0.410156 0.713867 0.397461 0.706543 0.395508 0.701172 0.379883 0.693848 0.380859 0.688965 0.388672 0.683594 0.377930 0.673828 0.378906 0.673340 0.387695 0.688477 0.391602 0.681152 0.395508 0.678223 0.401367 0.671387 0.402344 0.664062 0.413086 0.648926 0.398438 0.646484 0.391602 0.646484 0.394531
4 0.544922 0.359375 0.544922 0.362305 0.544434 0.363281 0.544434 0.365234 0.543945 0.366211 0.543457 0.366211 0.542969 0.367188 0.542480 0.367188 0.540527 0.371094 0.540527 0.372070 0.537109 0.378906 0.536621 0.378906 0.536133 0.379883 0.534180 0.379883 0.533691 0.380859 0.532227 0.380859 0.531738 0.381836 0.530273 0.381836 0.529785 0.382812 0.528320 0.382812 0.527832 0.383789 0.520020 0.383789 0.519531 0.384766 0.514160 0.384766 0.514160 0.389648 0.514648 0.390625 0.514648 0.404297 0.515137 0.405273 0.515137 0.418945 0.515625 0.419922 0.515625 0.424805 0.516602 0.424805 0.517090 0.423828 0.519531 0.423828 0.520020 0.422852 0.521484 0.422852 0.521973 0.421875 0.523926 0.421875 0.524414 0.420898 0.526367 0.420898 0.526855 0.419922 0.528809 0.419922 0.529297 0.418945 0.533691 0.418945 0.534180 0.417969 0.536621 0.417969 0.537109 0.416992 0.538574 0.416992 0.539062 0.416016 0.541016 0.416016 0.541504 0.415039 0.543945 0.415039 0.544434 0.414062 0.545898 0.414062 0.546387 0.413086 0.548340 0.413086 0.548828 0.412109 0.549316 0.412109 0.549316 0.410156 0.548828 0.409180 0.548828 0.404297 0.548340 0.403320 0.548340 0.398438 0.547852 0.397461 0.547852 0.392578 0.547363 0.391602 0.547363 0.385742 0.546875 0.384766 0.546875 0.380859 0.546387 0.379883 0.546387 0.375000 0.545898 0.374023 0.545898 0.368164 0.545410 0.367188 0.545410 0.363281 0.544922 0.362305
4 0.433105 0.352539 0.434082 0.352539 0.435059 0.353516 0.437500 0.359375 0.438477 0.363281 0.440430 0.367188 0.440430 0.374023 0.435547 0.392578 0.435547 0.400391 0.436523 0.402344 0.437988 0.409180 0.439453 0.412109 0.440430 0.413086 0.441895 0.413086 0.442383 0.414062 0.443359 0.414062 0.444336 0.415039 0.445801 0.417969 0.445801 0.418945 0.446289 0.418945 0.447754 0.421875 0.447754 0.422852 0.450195 0.426758 0.450195 0.427734 0.452148 0.431641 0.452148 0.432617 0.454590 0.437500 0.456543 0.439453 0.458008 0.439453 0.459473 0.441406 0.461914 0.442383 0.463379 0.444336 0.464844 0.444336 0.468750 0.448242 0.469727 0.450195 0.471191 0.451172 0.472168 0.453125 0.473145 0.453125 0.473633 0.454102 0.479492 0.454102 0.479492 0.452148 0.479004 0.450195 0.477539 0.450195 0.477051 0.451172 0.475586 0.451172 0.475098 0.450195 0.472168 0.450195 0.465332 0.443359 0.464355 0.443359 0.458984 0.437500 0.457520 0.437500 0.457031 0.436523 0.456055 0.436523 0.450195 0.424805 0.449219 0.419922 0.448730 0.419922 0.447754 0.417969 0.446777 0.414062 0.446777 0.407227 0.447266 0.406250 0.447266 0.396484 0.447754 0.395508 0.447754 0.389648 0.448242 0.387695 0.449219 0.386719 0.451172 0.378906 0.451172 0.373047 0.451660 0.372070 0.451660 0.367188 0.453125 0.365234 0.454590 0.365234 0.455078 0.364258 0.455078 0.362305 0.454590 0.361328 0.454590 0.357422 0.456055 0.354492 0.456055 0.353516 0.457031 0.352539 0.461426 0.343750 0.461426 0.342773 0.463379 0.338867 0.464355 0.337891 0.465332 0.337891 0.466797 0.335938 0.467773 0.335938 0.469727 0.333984 0.468262 0.333984 0.467773 0.334961 0.463867 0.334961 0.463379 0.335938 0.461914 0.335938 0.458496 0.344727 0.457520 0.345703 0.456543 0.345703 0.454102 0.348633 0.452637 0.348633 0.452148 0.349609 0.446777 0.349609 0.446289 0.348633 0.440918 0.348633 0.436035 0.353516 0.434570 0.353516 0.434082 0.352539
4 0.556152 0.330078 0.547363 0.330078 0.546875 0.331055 0.546387 0.331055 0.545898 0.332031 0.545410 0.332031 0.544922 0.333008 0.544434 0.333008 0.543945 0.333984 0.543457 0.333984 0.542969 0.334961 0.541992 0.334961 0.541504 0.335938 0.532715 0.335938 0.532715 0.336914 0.533203 0.337891 0.540527 0.337891 0.541016 0.338867 0.541504 0.338867 0.541992 0.339844 0.542969 0.339844 0.543457 0.340820 0.543457 0.338867 0.542969 0.337891 0.542969 0.334961 0.543457 0.333984 0.544434 0.333984 0.544922 0.333008 0.547363 0.333008 0.547852 0.332031 0.550781 0.332031 0.551270 0.331055 0.553711 0.331055 0.554199 0.330078
4 0.476562 0.330078 0.477051 0.331055 0.480957 0.331055 0.481445 0.332031 0.483398 0.332031 0.484375 0.330078 0.484863 0.330078 0.485352 0.329102 0.485840 0.329102 0.486328 0.330078 0.486328 0.332031 0.486816 0.333008 0.486816 0.335938 0.490234 0.335938 0.491211 0.333984 0.491699 0.333984 0.493652 0.330078 0.491211 0.330078 0.490723 0.331055 0.489746 0.331055 0.489258 0.330078 0.487793 0.330078 0.487305 0.329102 0.486816 0.329102 0.486328 0.328125 0.479492 0.328125 0.479004 0.329102 0.478516 0.329102 0.478027 0.330078
8 0.860840 0.527344 0.860352 0.527344 0.859863 0.526367 0.858398 0.526367 0.857910 0.525391 0.853516 0.525391 0.853027 0.526367 0.841797 0.526367 0.841309 0.527344 0.840820 0.527344 0.839844 0.529297 0.838867 0.529297 0.837402 0.532227 0.836914 0.532227 0.835938 0.534180 0.835449 0.534180 0.834473 0.536133 0.833984 0.536133 0.832031 0.540039 0.831543 0.540039 0.831055 0.541016 0.831055 0.541992 0.829590 0.544922 0.829102 0.544922 0.828613 0.545898 0.828125 0.545898 0.826660 0.548828 0.826172 0.548828 0.824707 0.551758 0.823730 0.551758 0.822266 0.554688 0.821777 0.554688 0.821289 0.555664 0.823242 0.559570 0.824219 0.559570 0.825195 0.561523 0.825684 0.561523 0.826660 0.563477 0.827637 0.561523 0.828613 0.561523 0.830566 0.557617 0.831055 0.557617 0.831543 0.556641 0.832031 0.556641 0.833984 0.552734 0.834473 0.552734 0.835938 0.549805 0.836914 0.549805 0.837402 0.548828 0.840332 0.548828 0.840820 0.547852 0.841797 0.547852 0.842285 0.546875 0.842773 0.546875 0.843262 0.545898 0.843750 0.545898 0.844238 0.544922 0.844727 0.544922 0.845215 0.543945 0.846680 0.543945 0.847168 0.542969 0.848145 0.542969 0.848633 0.541992 0.849609 0.541992 0.850098 0.541016 0.852051 0.541016 0.852539 0.540039 0.854492 0.540039 0.854980 0.539062 0.856445 0.539062 0.856934 0.538086 0.857422 0.538086 0.858398 0.536133 0.858887 0.536133 0.859863 0.534180 0.860352 0.534180 0.860840 0.533203
11 0.645996 0.687500 0.642578 0.684570 0.631836 0.683594 0.615723 0.690430 0.606934 0.705078 0.604980 0.706055 0.594727 0.725586 0.587891 0.744141 0.587891 0.752930 0.590820 0.758789 0.593750 0.776367 0.592773 0.800781 0.590820 0.808594 0.590820 0.823242 0.588867 0.830078 0.591797 0.835938 0.592285 0.861328 0.593750 0.863281 0.599609 0.863281 0.600586 0.865234 0.596191 0.871094 0.591797 0.866211 0.589355 0.872070 0.587402 0.884766 0.591797 0.891602 0.590332 0.898438 0.591797 0.905273 0.587891 0.910156 0.582520 0.912109 0.570801 0.910156 0.563965 0.920898 0.562500 0.918945 0.562012 0.912109 0.560059 0.907227 0.557129 0.905273 0.553223 0.906250 0.551758 0.913086 0.556641 0.919922 0.553223 0.925781 0.548828 0.928711 0.546387 0.920898 0.547852 0.915039 0.547363 0.899414 0.544434 0.888672 0.537109 0.890625 0.529785 0.898438 0.524902 0.913086 0.526855 0.919922 0.526855 0.933594 0.523926 0.940430 0.524414 0.954102 0.521973 0.984375 0.521973 0.999023 0.670410 0.999023 0.672363 0.984375 0.674316 0.978516 0.680664 0.972656 0.688965 0.971680 0.692871 0.967773 0.695801 0.956055 0.696289 0.945312 0.701172 0.941406 0.701172 0.932617 0.694336 0.916992 0.693359 0.901367 0.689453 0.885742 0.688477 0.863281 0.686035 0.852539 0.686523 0.838867 0.681152 0.825195 0.677734 0.801758 0.673340 0.788086 0.670898 0.769531 0.662598 0.750000 0.660645 0.730469 0.656250 0.710938
11 0.492188 0.633789 0.487793 0.633789 0.483887 0.638672 0.470703 0.636719 0.466797 0.640625 0.457031 0.666016 0.439453 0.690430 0.437988 0.699219 0.435059 0.706055 0.423340 0.714844 0.419922 0.723633 0.414551 0.724609 0.411133 0.733398 0.407715 0.735352 0.405762 0.745117 0.403809 0.749023 0.389160 0.758789 0.376953 0.776367 0.374512 0.786133 0.375000 0.795898 0.374023 0.803711 0.372559 0.806641 0.368652 0.808594 0.367188 0.812500 0.367676 0.822266 0.365234 0.828125 0.364258 0.834961 0.360352 0.837891 0.356934 0.843750 0.358398 0.848633 0.358398 0.857422 0.354492 0.859375 0.350098 0.855469 0.348145 0.877930 0.347168 0.878906 0.346680 0.884766 0.356445 0.894531 0.357910 0.898438 0.355469 0.907227 0.346680 0.919922 0.344238 0.932617 0.346191 0.947266 0.344727 0.955078 0.345215 0.969727 0.352051 0.992188 0.352539 0.999023 0.509766 0.999023 0.512695 0.984375 0.512207 0.961914 0.514160 0.918945 0.515137 0.771484 0.514160 0.755859 0.513184 0.751953 0.509277 0.750977 0.505859 0.760742 0.501465 0.761719 0.500000 0.766602 0.499512 0.775391 0.494141 0.781250 0.485840 0.776367 0.477051 0.756836 0.478027 0.742188 0.482422 0.735352 0.485352 0.719727 0.485840 0.697266 0.490234 0.690430 0.489746 0.668945 0.491211 0.664062 0.490234 0.648438 0.492676 0.637695
11 0.662109 0.517578 0.663574 0.530273 0.672852 0.547852 0.676758 0.549805 0.678711 0.559570 0.697266 0.573242 0.708008 0.575195 0.713379 0.582031 0.719238 0.580078 0.718750 0.585938 0.725098 0.598633 0.729004 0.632812 0.734863 0.641602 0.735352 0.649414 0.743164 0.667969 0.749023 0.690430 0.763672 0.715820 0.770996 0.718750 0.759277 0.725586 0.752930 0.761719 0.761230 0.780273 0.787109 0.795898 0.796387 0.805664 0.801758 0.824219 0.817871 0.851562 0.831055 0.864258 0.844238 0.870117 0.885742 0.902344 0.923828 0.912109 0.937500 0.913086 0.943359 0.909180 0.946289 0.904297 0.947266 0.891602 0.922852 0.853516 0.919434 0.836914 0.913086 0.830078 0.912598 0.822266 0.915527 0.818359 0.928223 0.833984 0.951660 0.849609 0.972168 0.877930 0.999512 0.900391 0.999512 0.617188 0.991699 0.613281 0.957520 0.580078 0.918945 0.574219 0.896973 0.563477 0.858887 0.557617 0.834961 0.580078 0.829102 0.582031 0.825684 0.575195 0.824219 0.565430 0.821289 0.562500 0.794922 0.562500 0.770996 0.549805 0.748047 0.545898 0.723145 0.573242 0.733887 0.545898 0.731934 0.537109 0.724609 0.536133 0.720215 0.527344 0.711914 0.527344 0.710449 0.530273 0.710938 0.541992 0.716309 0.541016 0.717773 0.544922 0.716309 0.547852 0.708984 0.544922 0.701660 0.549805 0.695312 0.543945 0.693848 0.538086 0.695801 0.527344 0.684570 0.516602 0.677734 0.501953 0.671875 0.503906 0.668945 0.511719
11 0.282227 0.480469 0.282227 0.487305 0.285156 0.492188 0.290527 0.503906 0.291992 0.508789 0.292480 0.512695 0.293457 0.513672 0.294434 0.518555 0.301270 0.530273 0.301270 0.533203 0.303223 0.544922 0.306152 0.569336 0.305176 0.574219 0.303711 0.578125 0.299316 0.585938 0.297852 0.591797 0.298828 0.602539 0.299805 0.605469 0.301270 0.607422 0.298340 0.612305 0.291992 0.614258 0.290527 0.621094 0.287109 0.625000 0.286621 0.630859 0.285156 0.633789 0.283691 0.633789 0.279297 0.641602 0.286133 0.642578 0.294922 0.648438 0.305176 0.648438 0.307617 0.650391 0.318848 0.650391 0.319336 0.649414 0.321777 0.649414 0.331543 0.639648 0.332520 0.639648 0.339355 0.626953 0.340332 0.626953 0.346191 0.615234 0.348145 0.614258 0.352051 0.609375 0.359375 0.602539 0.362793 0.594727 0.364746 0.592773 0.366211 0.592773 0.367676 0.590820 0.368164 0.588867 0.367676 0.580078 0.363770 0.568359 0.362305 0.566406 0.361328 0.560547 0.361328 0.555664 0.356445 0.550781 0.353027 0.541016 0.345215 0.539062 0.340820 0.531250 0.338379 0.528320 0.334961 0.526367 0.331055 0.526367 0.330566 0.525391 0.325684 0.523438 0.316895 0.512695 0.313477 0.511719 0.305176 0.503906 0.300781 0.493164 0.300781 0.475586 0.297852 0.471680 0.294434 0.470703 0.290039 0.473633 0.287598 0.473633
11 0.499023 0.330078 0.498047 0.330078 0.497559 0.329102 0.495605 0.329102 0.495117 0.330078 0.494141 0.330078 0.491699 0.334961 0.491211 0.334961 0.490234 0.336914 0.486816 0.336914 0.486328 0.335938 0.486328 0.333008 0.485840 0.332031 0.485840 0.330078 0.484375 0.331055 0.483398 0.333008 0.481445 0.333008 0.480957 0.332031 0.477051 0.332031 0.476562 0.331055 0.474121 0.331055 0.472656 0.333008 0.470215 0.333984 0.467773 0.336914 0.466797 0.336914 0.465332 0.338867 0.464355 0.338867 0.463867 0.339844 0.463379 0.339844 0.461914 0.342773 0.461914 0.343750 0.457031 0.353516 0.456543 0.353516 0.456543 0.354492 0.455078 0.357422 0.455078 0.361328 0.455566 0.362305 0.455566 0.364258 0.454590 0.366211 0.453125 0.366211 0.452637 0.367188 0.452148 0.367188 0.452148 0.372070 0.451660 0.373047 0.451660 0.378906 0.451172 0.379883 0.449707 0.386719 0.449219 0.387695 0.448730 0.387695 0.448730 0.388672 0.448242 0.389648 0.448242 0.395508 0.447754 0.396484 0.447754 0.406250 0.447266 0.407227 0.447266 0.414062 0.447754 0.415039 0.448242 0.417969 0.449707 0.419922 0.450684 0.424805 0.456055 0.435547 0.457031 0.435547 0.457520 0.436523 0.458984 0.436523 0.459473 0.437500 0.459961 0.437500 0.464355 0.442383 0.465332 0.442383 0.470703 0.448242 0.471680 0.448242 0.472168 0.449219 0.475098 0.449219 0.475586 0.450195 0.477051 0.450195 0.477539 0.449219 0.479004 0.449219 0.479492 0.448242 0.481445 0.448242 0.481934 0.447266 0.482422 0.447266 0.483887 0.444336 0.484375 0.444336 0.487305 0.438477 0.488281 0.438477 0.489258 0.436523 0.489746 0.436523 0.494141 0.428711 0.494141 0.427734 0.494629 0.426758 0.494629 0.416016 0.495117 0.415039 0.495117 0.404297 0.499023 0.399414 0.499023 0.396484 0.496094 0.392578 0.496094 0.389648 0.498535 0.384766 0.500000 0.386719 0.500488 0.391602 0.501953 0.391602 0.501953 0.356445 0.499512 0.352539 0.499512 0.349609 0.499023 0.348633 0.499023 0.343750 0.498535 0.342773 0.498535 0.339844 0.497070 0.336914 0.498535 0.333008
12 0.507812 0.000000 0.516113 0.305664 0.566895 0.327148 0.576172 0.324219 0.580566 0.332031 0.693359 0.379883 0.701172 0.378906 0.706543 0.384766 0.882812 0.458008 0.901367 0.457031 0.907227 0.468750 0.949707 0.486328 0.955078 0.480469 0.962891 0.491211 0.999512 0.506836 0.999512 0.000000
12 0.000000 0.000000 0.000000 0.490234 0.360840 0.359375 0.358398 0.350586 0.360840 0.343750 0.371094 0.344727 0.375488 0.333984 0.397949 0.333984 0.404297 0.320312 0.406738 0.335938 0.411621 0.340820 0.509277 0.304688 0.502930 0.082031 0.504395 0.000000
13 0.590332 0.761719 0.587891 0.758789 0.585938 0.758789 0.585449 0.757812 0.578125 0.757812 0.577637 0.758789 0.573730 0.759766 0.570801 0.762695 0.562012 0.763672 0.559570 0.768555 0.556641 0.770508 0.551270 0.769531 0.550781 0.768555 0.547363 0.768555 0.546875 0.767578 0.535645 0.769531 0.532715 0.766602 0.530273 0.773438 0.529297 0.778320 0.527832 0.804688 0.526855 0.805664 0.526855 0.847656 0.527832 0.848633 0.528320 0.856445 0.527832 0.857422 0.527832 0.860352 0.526855 0.861328 0.526367 0.867188 0.527832 0.870117 0.529297 0.878906 0.544922 0.880859 0.548340 0.883789 0.552734 0.876953 0.555664 0.875000 0.564941 0.878906 0.567871 0.883789 0.567383 0.888672 0.566406 0.890625 0.564453 0.891602 0.563965 0.890625 0.560547 0.889648 0.557617 0.891602 0.555176 0.891602 0.554688 0.890625 0.549316 0.889648 0.548828 0.891602 0.552734 0.898438 0.555176 0.897461 0.556152 0.894531 0.559570 0.899414 0.564453 0.896484 0.568848 0.900391 0.572266 0.896484 0.576660 0.904297 0.580078 0.905273 0.579590 0.892578 0.576172 0.893555 0.570312 0.884766 0.574707 0.873047 0.579590 0.874023 0.582520 0.867188 0.587402 0.867188 0.588867 0.865234 0.590820 0.865234 0.591309 0.864258 0.589844 0.858398 0.589844 0.835938 0.584961 0.831055 0.582520 0.831055 0.579102 0.829102 0.579590 0.826172 0.583496 0.822266 0.587402 0.824219 0.588379 0.812500 0.589844 0.810547 0.591797 0.804688 0.593262 0.776367 0.592773 0.775391 0.592285 0.767578
14 0.505371 0.000000 0.505371 0.066406 0.516602 0.545898 0.521484 0.653320 0.519043 0.664062 0.518066 0.685547 0.518555 0.740234 0.515137 0.999023 0.518555 0.999023 0.521484 0.908203 0.523438 0.703125 0.513672 0.389648 0.507324 0.000000
17 0.000000 0.622070 0.000000 0.640625 0.006836 0.642578 0.000000 0.650391 0.000000 0.993164 0.072266 0.994141 0.077148 0.999023 0.129395 0.999023 0.130371 0.995117 0.137695 0.999023 0.138672 0.995117 0.155273 0.993164 0.182617 0.999023 0.187988 0.994141 0.246094 0.989258 0.249512 0.999023 0.346191 0.999023 0.348145 0.985352 0.343750 0.968750 0.343750 0.932617 0.345703 0.920898 0.357422 0.899414 0.346680 0.885742 0.350098 0.850586 0.365234 0.827148 0.364746 0.808594 0.370117 0.795898 0.369141 0.791016 0.360840 0.788086 0.341797 0.802734 0.321777 0.808594 0.318359 0.819336 0.307129 0.822266 0.306152 0.833984 0.318848 0.831055 0.326660 0.835938 0.305664 0.839844 0.303711 0.851562 0.310059 0.866211 0.310547 0.882812 0.300293 0.891602 0.293945 0.907227 0.283691 0.909180 0.279297 0.892578 0.272461 0.896484 0.260742 0.874023 0.261719 0.862305 0.257324 0.849609 0.257324 0.836914 0.267578 0.814453 0.288574 0.802734 0.287109 0.784180 0.290527 0.774414 0.286133 0.767578 0.289551 0.758789 0.286621 0.744141 0.279785 0.749023 0.280273 0.775391 0.276367 0.775391 0.271484 0.759766 0.278320 0.751953 0.278809 0.746094 0.274902 0.743164 0.271484 0.750977 0.265625 0.746094 0.268066 0.737305 0.265137 0.724609 0.271484 0.720703 0.266113 0.695312 0.271484 0.685547 0.273926 0.699219 0.283691 0.709961 0.285645 0.702148 0.278320 0.702148 0.276367 0.697266 0.278809 0.692383 0.289551 0.691406 0.290039 0.683594 0.284180 0.666992 0.287109 0.662109 0.296387 0.663086 0.274902 0.650391 0.263184 0.655273 0.260254 0.651367 0.220215 0.649414 0.216309 0.639648 0.200684 0.655273 0.191895 0.640625 0.202637 0.627930 0.180176 0.629883 0.158691 0.624023 0.154297 0.629883 0.133789 0.625977 0.130371 0.651367 0.126953 0.648438 0.128906 0.641602 0.120605 0.642578 0.117676 0.651367 0.107422 0.650391 0.106934 0.645508 0.114746 0.629883 0.113281 0.625977 0.086426 0.625977 0.079590 0.629883 0.086426 0.637695 0.091797 0.636719 0.095215 0.646484 0.099121 0.640625 0.100098 0.647461 0.080566 0.655273 0.061035 0.643555 0.048340 0.650391 0.049316 0.639648 0.061035 0.640625 0.065430 0.634766 0.060059 0.625000 0.049805 0.628906 0.044434 0.619141 0.032715 0.625000 0.028320 0.616211 0.017090 0.625977 0.013672 0.614258
17 0.518555 0.524414 0.518555 0.534180 0.519043 0.535156 0.519043 0.553711 0.520996 0.553711 0.521484 0.552734 0.523926 0.552734 0.524414 0.551758 0.525391 0.551758 0.524902 0.550781 0.524902 0.549805 0.524414 0.548828 0.524414 0.547852 0.523926 0.546875 0.523926 0.545898 0.523438 0.544922 0.523438 0.543945 0.522949 0.542969 0.522949 0.539062 0.522461 0.538086 0.522461 0.534180 0.521973 0.533203 0.521973 0.529297 0.521484 0.528320 0.521484 0.526367 0.520508 0.526367 0.519531 0.524414
17 0.543457 0.334961 0.549805 0.412109 0.515625 0.425781 0.543457 0.439453 0.533203 0.455078 0.551270 0.496094 0.532715 0.508789 0.577148 0.570312 0.562012 0.599609 0.593262 0.640625 0.606934 0.694336 0.642578 0.656250 0.666504 0.691406 0.706543 0.941406 0.717285 0.942383 0.716797 0.886719 0.704102 0.910156 0.705078 0.854492 0.726562 0.863281 0.731445 0.885742 0.748047 0.886719 0.752441 0.865234 0.785645 0.999023 0.811035 0.999023 0.814453 0.975586 0.830078 0.999023 0.919922 0.999023 0.920410 0.974609 0.896484 0.948242 0.912109 0.932617 0.908691 0.927734 0.910156 0.918945 0.815430 0.857422 0.791016 0.806641 0.734863 0.758789 0.758789 0.717773 0.719727 0.634766 0.723633 0.607422 0.693848 0.569336 0.666992 0.560547 0.670898 0.544922 0.649902 0.523438 0.665527 0.502930 0.649902 0.505859 0.632324 0.447266 0.614258 0.436523 0.610840 0.393555 0.646484 0.393555 0.642090 0.376953 0.602539 0.372070 0.576172 0.325195
17 0.358887 0.349609 0.360352 0.357422 0.365234 0.360352 0.367188 0.365234 0.364746 0.369141 0.360840 0.383789 0.356934 0.384766 0.353027 0.391602 0.352539 0.401367 0.354492 0.408203 0.355957 0.439453 0.360840 0.447266 0.375000 0.450195 0.381836 0.454102 0.387207 0.458984 0.388672 0.464844 0.399414 0.466797 0.400391 0.468750 0.398926 0.471680 0.391602 0.474609 0.392578 0.480469 0.392090 0.489258 0.398438 0.498047 0.401367 0.506836 0.408203 0.520508 0.420898 0.525391 0.427734 0.538086 0.431152 0.538086 0.439941 0.548828 0.451172 0.551758 0.449707 0.554688 0.446289 0.555664 0.445801 0.559570 0.455078 0.582031 0.466797 0.578125 0.471191 0.583984 0.477051 0.579102 0.481934 0.569336 0.485840 0.574219 0.492676 0.566406 0.493164 0.563477 0.492188 0.557617 0.494141 0.552734 0.499512 0.551758 0.501953 0.554688 0.503906 0.551758 0.504395 0.544922 0.501953 0.541992 0.498047 0.551758 0.493652 0.544922 0.493164 0.524414 0.494141 0.522461 0.495117 0.525391 0.498047 0.525391 0.498535 0.516602 0.500977 0.512695 0.504395 0.513672 0.507812 0.524414 0.503418 0.531250 0.513672 0.531250 0.516113 0.536133 0.515625 0.519531 0.513184 0.516602 0.509766 0.505859 0.504883 0.500977 0.503906 0.489258 0.502441 0.487305 0.500977 0.488281 0.500000 0.499023 0.498047 0.502930 0.493164 0.496094 0.493652 0.486328 0.491211 0.473633 0.496094 0.467773 0.489258 0.458008 0.482422 0.455078 0.473633 0.455078 0.464844 0.445312 0.454590 0.438477 0.444336 0.416016 0.440430 0.414062 0.437500 0.409180 0.435059 0.400391 0.435059 0.392578 0.439941 0.374023 0.439941 0.367188 0.435059 0.354492 0.427734 0.348633 0.425293 0.348633 0.418945 0.339844 0.411133 0.341797 0.407715 0.338867 0.406250 0.335938 0.406250 0.329102 0.404297 0.321289 0.397949 0.334961 0.389648 0.333984 0.382812 0.336914 0.375488 0.334961 0.373535 0.336914 0.372559 0.344727 0.367676 0.346680 0.360840 0.344727
18 0.518555 0.611328 0.518066 0.611328 0.516113 0.614258 0.514648 0.614258 0.512695 0.616211 0.510742 0.616211 0.506836 0.620117 0.505859 0.622070 0.503906 0.624023 0.502930 0.624023 0.500000 0.626953 0.499023 0.628906 0.498535 0.631836 0.497559 0.633789 0.496582 0.638672 0.495605 0.639648 0.495605 0.649414 0.497070 0.650391 0.499512 0.655273 0.492676 0.667969 0.492188 0.669922 0.492188 0.671875 0.491699 0.672852 0.491699 0.681641 0.492188 0.682617 0.492188 0.691406 0.491699 0.692383 0.491211 0.701172 0.490723 0.702148 0.490723 0.705078 0.490234 0.706055 0.490234 0.709961 0.489746 0.710938 0.489746 0.714844 0.489258 0.715820 0.489258 0.722656 0.489746 0.723633 0.489746 0.728516 0.487793 0.730469 0.484863 0.735352 0.484375 0.735352 0.482910 0.738281 0.482422 0.738281 0.480469 0.742188 0.479980 0.742188 0.479004 0.745117 0.479004 0.749023 0.478516 0.750000 0.478516 0.754883 0.479004 0.755859 0.479004 0.757812 0.479492 0.758789 0.479492 0.760742 0.479980 0.762695 0.481445 0.763672 0.482910 0.766602 0.483398 0.766602 0.484863 0.769531 0.485352 0.769531 0.486816 0.772461 0.488281 0.773438 0.489258 0.775391 0.490723 0.775391 0.493652 0.778320 0.494141 0.778320 0.495117 0.775391 0.496094 0.775391 0.496582 0.773438 0.496582 0.771484 0.497070 0.770508 0.497070 0.767578 0.497559 0.766602 0.497559 0.763672 0.498047 0.762695 0.498047 0.760742 0.500000 0.757812 0.500977 0.757812 0.502441 0.754883 0.504395 0.752930 0.504883 0.750977 0.504883 0.749023 0.505859 0.746094 0.506348 0.741211 0.508789 0.738281 0.509766 0.738281 0.510254 0.737305 0.511719 0.737305 0.513184 0.735352 0.514160 0.735352 0.516113 0.733398 0.516113 0.731445 0.516602 0.730469 0.516602 0.726562 0.517090 0.725586 0.517090 0.722656 0.517578 0.721680 0.517578 0.685547 0.518066 0.684570 0.518066 0.660156 0.518555 0.658203 0.519531 0.657227 0.520508 0.654297 0.520508 0.640625 0.520020 0.639648 0.520020 0.627930 0.519531 0.626953 0.519531 0.615234 0.518555 0.614258
18 0.520996 0.607422 0.521484 0.647461 0.521973 0.648438 0.521973 0.657227 0.522461 0.658203 0.522461 0.664062 0.522949 0.665039 0.522949 0.669922 0.523438 0.670898 0.523438 0.684570 0.523926 0.685547 0.523926 0.704102 0.524414 0.705078 0.524414 0.724609 0.524902 0.725586 0.524902 0.737305 0.526367 0.741211 0.527344 0.741211 0.531738 0.746094 0.531738 0.752930 0.533203 0.757812 0.533691 0.757812 0.536133 0.763672 0.541504 0.764648 0.541992 0.763672 0.545410 0.762695 0.549316 0.766602 0.557129 0.767578 0.558594 0.765625 0.560547 0.760742 0.571777 0.759766 0.573242 0.757812 0.575195 0.757812 0.581543 0.750977 0.582520 0.750977 0.584961 0.745117 0.586426 0.739258 0.586426 0.737305 0.588379 0.727539 0.588379 0.724609 0.587402 0.719727 0.589355 0.716797 0.595215 0.717773 0.597168 0.713867 0.597656 0.713867 0.598145 0.706055 0.599609 0.703125 0.601074 0.698242 0.599121 0.684570 0.597656 0.681641 0.597168 0.681641 0.596680 0.679688 0.592285 0.670898 0.592285 0.669922 0.591797 0.669922 0.590332 0.666992 0.590332 0.645508 0.589355 0.644531 0.584473 0.634766 0.583496 0.633789 0.581543 0.633789 0.573730 0.625977 0.569824 0.617188 0.567383 0.616211 0.561035 0.605469 0.559082 0.603516 0.556152 0.602539 0.553223 0.599609 0.551270 0.599609 0.550781 0.598633 0.543457 0.598633 0.542969 0.597656 0.539551 0.597656 0.539062 0.596680 0.531738 0.596680 0.529785 0.598633 0.526855 0.598633 0.523438 0.604492
35 0.263672 0.824219 0.263672 0.825195 0.263184 0.826172 0.263184 0.827148 0.262695 0.828125 0.262695 0.829102 0.262207 0.830078 0.262207 0.831055 0.261719 0.832031 0.261230 0.832031 0.261230 0.833008 0.260254 0.835938 0.260254 0.839844 0.259766 0.840820 0.259766 0.844727 0.260254 0.845703 0.260254 0.847656 0.261230 0.850586 0.261230 0.852539 0.261719 0.852539 0.262207 0.853516 0.262207 0.854492 0.262695 0.855469 0.262695 0.857422 0.263184 0.858398 0.263184 0.860352 0.263672 0.861328 0.263672 0.868164 0.263184 0.869141 0.263184 0.876953 0.266113 0.882812 0.266602 0.882812 0.267090 0.883789 0.267090 0.884766 0.269043 0.888672 0.269531 0.888672 0.271484 0.892578 0.272949 0.892578 0.273438 0.891602 0.274902 0.891602 0.276855 0.887695 0.277832 0.887695 0.279785 0.883789 0.280273 0.883789 0.280762 0.882812 0.282227 0.882812 0.282715 0.881836 0.289062 0.881836 0.289551 0.882812 0.291992 0.882812 0.292480 0.881836 0.293457 0.881836 0.293945 0.880859 0.294434 0.880859 0.294922 0.879883 0.295410 0.879883 0.295898 0.878906 0.295898 0.877930 0.296875 0.875977 0.296875 0.875000 0.297363 0.874023 0.297363 0.873047 0.298340 0.871094 0.298340 0.870117 0.299316 0.868164 0.299316 0.867188 0.300293 0.865234 0.300781 0.865234 0.301270 0.864258 0.301270 0.863281 0.302246 0.861328 0.302246 0.860352 0.302734 0.859375 0.302734 0.854492 0.302246 0.853516 0.302246 0.847656 0.301758 0.846680 0.301758 0.845703 0.301270 0.844727 0.301270 0.843750 0.300781 0.842773 0.300781 0.841797 0.300293 0.841797 0.299805 0.840820 0.299805 0.839844 0.299316 0.838867 0.299316 0.837891 0.298828 0.836914 0.298828 0.835938 0.298340 0.835938 0.297852 0.834961 0.297363 0.834961 0.296875 0.833984 0.296387 0.833984 0.295898 0.833008 0.295410 0.833008 0.294922 0.832031 0.294434 0.832031 0.292969 0.830078 0.291016 0.830078 0.290527 0.829102 0.290527 0.828125 0.289062 0.825195 0.289062 0.824219 0.287598 0.821289 0.287598 0.820312 0.286133 0.817383 0.285645 0.817383 0.285156 0.816406 0.284180 0.816406 0.282715 0.814453 0.278320 0.814453 0.277832 0.813477 0.272949 0.813477 0.272461 0.814453 0.271484 0.814453 0.270020 0.816406 0.268555 0.816406 0.268066 0.817383 0.267578 0.817383 0.265625 0.821289 0.265137 0.821289