8 0.742188 0.359375 0.742188 0.360352 0.742676 0.361328 0.742676 0.371094 0.746582 0.371094 0.747070 0.372070 0.747559 0.372070 0.748047 0.373047 0.749023 0.373047 0.749512 0.372070 0.750488 0.372070 0.750977 0.371094 0.751465 0.371094 0.751953 0.370117 0.752441 0.370117 0.753418 0.368164 0.753906 0.368164 0.755371 0.365234 0.755371 0.362305 0.753906 0.359375 0.753418 0.359375 0.752930 0.358398 0.752441 0.358398 0.751953 0.357422 0.744629 0.357422 0.744141 0.358398 0.743164 0.358398 0.742676 0.359375
8 0.664062 0.220703 0.663574 0.219727 0.662598 0.219727 0.662109 0.220703 0.655762 0.220703 0.655273 0.221680 0.654785 0.221680 0.653809 0.223633 0.653809 0.224609 0.654297 0.225586 0.654297 0.226562 0.655273 0.228516 0.655762 0.228516 0.656250 0.229492 0.661133 0.229492 0.662109 0.227539 0.663086 0.227539 0.663086 0.226562 0.663574 0.225586 0.663574 0.223633 0.664062 0.222656
8 0.651367 0.209961 0.650879 0.209961 0.650391 0.210938 0.649902 0.210938 0.649414 0.211914 0.649414 0.212891 0.647949 0.215820 0.647461 0.215820 0.646973 0.214844 0.646484 0.214844 0.646484 0.220703 0.646973 0.221680 0.646973 0.222656 0.647949 0.224609 0.648438 0.224609 0.648926 0.225586 0.649414 0.225586 0.649902 0.224609 0.650391 0.224609 0.651367 0.222656 0.651367 0.220703 0.651855 0.219727 0.652832 0.219727 0.653320 0.218750 0.653320 0.217773 0.653809 0.216797 0.653809 0.214844 0.653320 0.213867 0.653320 0.212891 0.652344 0.210938 0.651855 0.210938
8 0.696289 0.213867 0.702637 0.213867 0.703613 0.211914 0.704102 0.211914 0.704590 0.210938 0.705078 0.210938 0.705566 0.209961 0.706055 0.209961 0.706543 0.208984 0.707031 0.208984 0.705078 0.208984 0.703125 0.205078 0.699707 0.205078 0.699219 0.206055 0.698242 0.206055 0.696777 0.208984 0.696777 0.210938 0.696289 0.211914
8 0.661133 0.197266 0.661133 0.199219 0.661621 0.200195 0.661621 0.201172 0.662109 0.202148 0.662109 0.203125 0.662598 0.204102 0.664062 0.204102 0.664551 0.205078 0.665039 0.205078 0.665527 0.206055 0.670410 0.206055 0.670898 0.207031 0.671875 0.207031 0.672363 0.206055 0.673828 0.206055 0.672852 0.204102 0.672852 0.203125 0.672363 0.202148 0.672363 0.200195 0.671875 0.199219 0.671875 0.197266 0.670410 0.194336 0.669922 0.194336 0.669434 0.193359 0.668945 0.193359 0.668457 0.192383 0.665039 0.192383 0.664551 0.193359 0.663574 0.193359 0.663086 0.194336 0.662598 0.194336
8 0.467773 0.176758 0.467773 0.178711 0.468750 0.180664 0.469238 0.180664 0.470215 0.182617 0.470215 0.183594 0.470703 0.184570 0.470703 0.185547 0.471191 0.186523 0.471680 0.186523 0.472168 0.187500 0.474609 0.187500 0.475098 0.186523 0.476562 0.186523 0.476562 0.185547 0.477051 0.184570 0.477051 0.180664 0.477539 0.179688 0.478027 0.180664 0.478027 0.186523 0.479492 0.186523 0.479980 0.187500 0.480469 0.187500 0.480957 0.188477 0.481934 0.188477 0.482422 0.189453 0.483398 0.189453 0.483887 0.190430 0.487305 0.190430 0.487793 0.189453 0.488281 0.189453 0.488770 0.188477 0.489258 0.188477 0.489746 0.187500 0.490234 0.187500 0.490723 0.186523 0.497559 0.186523 0.496582 0.184570 0.495605 0.184570 0.495117 0.183594 0.495117 0.180664 0.495605 0.179688 0.496094 0.179688 0.496094 0.178711 0.495605 0.178711 0.495117 0.177734 0.493652 0.177734 0.493164 0.178711 0.491699 0.178711 0.491211 0.177734 0.490234 0.177734 0.489746 0.176758 0.489258 0.176758 0.488770 0.175781 0.487793 0.175781 0.487305 0.174805 0.483887 0.174805 0.483398 0.173828 0.483887 0.172852 0.482910 0.172852 0.482422 0.171875 0.472168 0.171875 0.471680 0.172852 0.470215 0.172852 0.469727 0.173828 0.469238 0.173828 0.468750 0.174805 0.468262 0.174805 0.468262 0.175781
8 0.642578 0.177734 0.643066 0.178711 0.643555 0.178711 0.644043 0.179688 0.645020 0.179688 0.645508 0.180664 0.652344 0.180664 0.654297 0.176758 0.654297 0.175781 0.651367 0.175781 0.650879 0.174805 0.650391 0.174805 0.647949 0.169922 0.647461 0.170898 0.646973 0.170898 0.645996 0.172852 0.645508 0.172852 0.644531 0.174805 0.643555 0.174805 0.642578 0.176758
8 0.572266 0.108398 0.571777 0.108398 0.567871 0.116211 0.567871 0.117188 0.567383 0.118164 0.567383 0.121094 0.567871 0.121094 0.568359 0.122070 0.568848 0.122070 0.569336 0.123047 0.570801 0.120117 0.571289 0.120117 0.571777 0.119141 0.572266 0.119141 0.572754 0.118164 0.573242 0.118164 0.573730 0.117188 0.574219 0.117188 0.574219 0.115234 0.573730 0.115234 0.573242 0.114258 0.573242 0.111328 0.572754 0.110352 0.572754 0.109375
8 0.576660 0.092773 0.576660 0.093750 0.576172 0.094727 0.576172 0.097656 0.576660 0.098633 0.576660 0.099609 0.577148 0.100586 0.577637 0.100586 0.578125 0.101562 0.579102 0.101562 0.581055 0.105469 0.582031 0.105469 0.582520 0.106445 0.583984 0.103516 0.584473 0.103516 0.584961 0.104492 0.585449 0.104492 0.585938 0.105469 0.585938 0.104492 0.586426 0.103516 0.586426 0.100586 0.584961 0.097656 0.584961 0.093750 0.583008 0.089844 0.579102 0.089844 0.578613 0.090820 0.578125 0.090820 0.577637 0.091797 0.577148 0.091797
8 0.447754 0.097656 0.448242 0.098633 0.448242 0.099609 0.450684 0.099609 0.451172 0.100586 0.452637 0.100586 0.453125 0.101562 0.454590 0.101562 0.455078 0.102539 0.457520 0.102539 0.458008 0.101562 0.459961 0.101562 0.460449 0.100586 0.462402 0.100586 0.462891 0.099609 0.463867 0.099609 0.464355 0.098633 0.467773 0.098633 0.468262 0.097656 0.469727 0.097656 0.469727 0.096680 0.470215 0.095703 0.470215 0.093750 0.470703 0.092773 0.470703 0.091797 0.469238 0.091797 0.468750 0.092773 0.467773 0.092773 0.467285 0.093750 0.466309 0.093750 0.465820 0.092773 0.464355 0.092773 0.463867 0.091797 0.463867 0.090820 0.463379 0.089844 0.463379 0.086914 0.453613 0.086914 0.453125 0.087891 0.452148 0.087891 0.451660 0.088867 0.451172 0.088867 0.449707 0.091797 0.449707 0.092773 0.449219 0.093750 0.448730 0.093750 0.448242 0.094727 0.448242 0.095703 0.447754 0.096680
8 0.398438 0.080078 0.397461 0.082031 0.396973 0.082031 0.396484 0.083008 0.396484 0.083984 0.395996 0.084961 0.395996 0.092773 0.396484 0.093750 0.397949 0.093750 0.398438 0.092773 0.398926 0.092773 0.399414 0.091797 0.399414 0.090820 0.399902 0.089844 0.399902 0.088867 0.400391 0.087891 0.400391 0.086914 0.400879 0.085938 0.399414 0.083008 0.399414 0.082031
8 0.441406 0.075195 0.438965 0.075195 0.438477 0.076172 0.437500 0.076172 0.437500 0.084961 0.437988 0.085938 0.437988 0.086914 0.438477 0.087891 0.438965 0.087891 0.439453 0.086914 0.439941 0.086914 0.440918 0.084961 0.441406 0.084961 0.441406 0.083984 0.441895 0.083008 0.441895 0.082031 0.442383 0.081055 0.442383 0.078125 0.441895 0.077148 0.441895 0.076172
8 0.501953 0.073242 0.501953 0.078125 0.502930 0.080078 0.504395 0.080078 0.504883 0.081055 0.505859 0.081055 0.506348 0.080078 0.508789 0.080078 0.509277 0.081055 0.512207 0.081055 0.512695 0.080078 0.514160 0.080078 0.515137 0.078125 0.515137 0.077148 0.515625 0.076172 0.514160 0.073242 0.513672 0.073242 0.513184 0.072266 0.512207 0.072266 0.511719 0.071289 0.510742 0.071289 0.510254 0.070312 0.509277 0.070312 0.508789 0.069336 0.506836 0.069336 0.506348 0.070312 0.504395 0.070312 0.503906 0.071289 0.502930 0.071289
8 0.488770 0.055664 0.488770 0.059570 0.489746 0.059570 0.490234 0.058594 0.491211 0.058594 0.491699 0.059570 0.491699 0.060547 0.493164 0.063477 0.493652 0.063477 0.494141 0.064453 0.495117 0.064453 0.495605 0.065430 0.498047 0.065430 0.498535 0.064453 0.500977 0.064453 0.502441 0.061523 0.501953 0.060547 0.501953 0.059570 0.500977 0.057617 0.500488 0.057617 0.499023 0.054688 0.489258 0.054688
8 0.520996 0.056641 0.520996 0.057617 0.522461 0.060547 0.523926 0.060547 0.524414 0.061523 0.526367 0.061523 0.526855 0.060547 0.536621 0.060547 0.535645 0.058594 0.535645 0.057617 0.535156 0.056641 0.534668 0.056641 0.533691 0.054688 0.533203 0.054688 0.532715 0.053711 0.530762 0.053711 0.530273 0.052734 0.526367 0.052734 0.525879 0.053711 0.524414 0.053711 0.523926 0.054688 0.522461 0.054688 0.521973 0.055664 0.521484 0.055664
8 0.462402 0.044922 0.462402 0.045898 0.462891 0.046875 0.462891 0.049805 0.463379 0.050781 0.463379 0.053711 0.462891 0.054688 0.462891 0.060547 0.463379 0.061523 0.463379 0.063477 0.463867 0.064453 0.463867 0.066406 0.464355 0.067383 0.464355 0.068359 0.464844 0.068359 0.465332 0.069336 0.465820 0.068359 0.466309 0.068359 0.467773 0.065430 0.467773 0.062500 0.468262 0.061523 0.468262 0.057617 0.467773 0.056641 0.467773 0.053711 0.467285 0.052734 0.467285 0.050781 0.466797 0.049805 0.466309 0.049805 0.465820 0.050781 0.464355 0.050781 0.463867 0.049805 0.463867 0.048828 0.462891 0.046875 0.462891 0.045898
8 0.574707 0.043945 0.572754 0.043945 0.572266 0.042969 0.570801 0.042969 0.569824 0.044922 0.568848 0.044922 0.567383 0.047852 0.567383 0.048828 0.566895 0.049805 0.566895 0.053711 0.567871 0.055664 0.568848 0.055664 0.569336 0.054688 0.570312 0.054688 0.571289 0.052734 0.571289 0.051758 0.572754 0.048828 0.573242 0.048828 0.573730 0.047852 0.574707 0.047852
8 0.541504 0.044922 0.541504 0.048828 0.542480 0.050781 0.542969 0.050781 0.543457 0.051758 0.543945 0.051758 0.545898 0.055664 0.546387 0.055664 0.546875 0.056641 0.547363 0.056641 0.547852 0.057617 0.549805 0.057617 0.549805 0.056641 0.550293 0.055664 0.550781 0.055664 0.550781 0.054688 0.551270 0.053711 0.551270 0.051758 0.551758 0.050781 0.551758 0.045898 0.550781 0.043945 0.550293 0.043945 0.549316 0.041992 0.545410 0.041992 0.544922 0.042969 0.544434 0.042969 0.543457 0.044922
8 0.509277 0.027344 0.508301 0.029297 0.508301 0.030273 0.507812 0.031250 0.507812 0.034180 0.508301 0.035156 0.508301 0.037109 0.508789 0.038086 0.508789 0.039062 0.510254 0.041992 0.510742 0.041992 0.511230 0.041016 0.512207 0.041016 0.513184 0.039062 0.513184 0.035156 0.513672 0.034180 0.513672 0.031250 0.511719 0.027344
12 0.000000 0.000000 0.000000 0.030273 0.012207 0.039062 0.023438 0.015625 0.035645 0.016602 0.108398 0.100586 0.143555 0.098633 0.154297 0.114258 0.175293 0.125977 0.203613 0.065430 0.242188 0.085938 0.261230 0.110352 0.299805 0.092773 0.332031 0.096680 0.367188 0.083008 0.388672 0.119141 0.434570 0.098633 0.442383 0.104492 0.443359 0.088867 0.455078 0.083984 0.471191 0.088867 0.471191 0.111328 0.474121 0.111328 0.481445 0.083008 0.490723 0.085938 0.495117 0.079102 0.489258 0.053711 0.499512 0.053711 0.506836 0.067383 0.514648 0.058594 0.520508 0.062500 0.526367 0.051758 0.543457 0.057617 0.541016 0.044922 0.549805 0.041016 0.551758 0.082031 0.566895 0.090820 0.568359 0.109375 0.574219 0.103516 0.576660 0.117188 0.587891 0.124023 0.595703 0.112305 0.609375 0.128906 0.612793 0.115234 0.619629 0.115234 0.644043 0.148438 0.638184 0.168945 0.655762 0.175781 0.645508 0.184570 0.648926 0.201172 0.635254 0.233398 0.648438 0.225586 0.645996 0.214844 0.650879 0.208984 0.654297 0.214844 0.651367 0.223633 0.662598 0.217773 0.659180 0.197266 0.666504 0.190430 0.674805 0.203125 0.671387 0.214844 0.684570 0.208984 0.693848 0.218750 0.696777 0.205078 0.708008 0.208984 0.699707 0.220703 0.703125 0.232422 0.730469 0.248047 0.734375 0.256836 0.729004 0.277344 0.734863 0.293945 0.736816 0.334961 0.732910 0.341797 0.734863 0.352539 0.722168 0.366211 0.734375 0.389648 0.744141 0.377930 0.741211 0.359375 0.793945 0.353516 0.813477 0.338867 0.833008 0.343750 0.852051 0.335938 0.870117 0.348633 0.874512 0.334961 0.906738 0.300781 0.916504 0.303711 0.928711 0.333008 0.950684 0.329102 0.999512 0.265625 0.999512 0.000000
13 0.492188 0.998047 0.469727 0.972656 0.446777 0.919922 0.443359 0.917969 0.432129 0.927734 0.422363 0.929688 0.404297 0.919922 0.392578 0.896484 0.389160 0.873047 0.373535 0.866211 0.351074 0.848633 0.297852 0.823242 0.287109 0.831055 0.279297 0.860352 0.263672 0.901367 0.242676 0.917969 0.231445 0.914062 0.228027 0.906250 0.229004 0.885742 0.234863 0.852539 0.238770 0.840820 0.175293 0.872070 0.154785 0.889648 0.039551 0.943359 0.000000 0.952148 0.000000 0.999023
13 0.999512 0.501953 0.999512 0.453125 0.996582 0.453125 0.996094 0.454102 0.993652 0.454102 0.993164 0.455078 0.989258 0.455078 0.988770 0.456055 0.986816 0.456055 0.986328 0.457031 0.984863 0.457031 0.984375 0.458008 0.978516 0.458008 0.978027 0.457031 0.976074 0.457031 0.975586 0.456055 0.973633 0.456055 0.973145 0.455078 0.964355 0.455078 0.963867 0.454102 0.961914 0.454102 0.961426 0.455078 0.960938 0.455078 0.961426 0.455078 0.962891 0.458008 0.963379 0.458008 0.964355 0.459961 0.965332 0.459961 0.966309 0.461914 0.966797 0.461914 0.968262 0.464844 0.968750 0.464844 0.969727 0.466797 0.970215 0.466797 0.971191 0.468750 0.971680 0.468750 0.972168 0.469727 0.972656 0.469727 0.973633 0.471680 0.974121 0.471680 0.974609 0.472656 0.975586 0.472656 0.976562 0.474609 0.977051 0.474609 0.978516 0.477539 0.979004 0.477539 0.979980 0.479492 0.980957 0.479492 0.982422 0.482422 0.982910 0.482422 0.983887 0.484375 0.984375 0.484375 0.985352 0.486328 0.985840 0.486328 0.987305 0.489258 0.988281 0.489258 0.988770 0.490234 0.989746 0.490234 0.990723 0.492188 0.991211 0.492188 0.992676 0.495117 0.993164 0.495117 0.994141 0.497070 0.994629 0.497070 0.995605 0.499023 0.996582 0.499023 0.998047 0.501953 0.998535 0.501953 0.999023 0.502930
13 0.891113 0.365234 0.892090 0.367188 0.892090 0.368164 0.892578 0.369141 0.892578 0.370117 0.893066 0.371094 0.893066 0.372070 0.893555 0.373047 0.893555 0.374023 0.894043 0.375000 0.894043 0.375977 0.894531 0.375977 0.895020 0.376953 0.895508 0.376953 0.896973 0.378906 0.899902 0.378906 0.900391 0.379883 0.903320 0.379883 0.903809 0.380859 0.904297 0.380859 0.905762 0.382812 0.906738 0.382812 0.907715 0.384766 0.908203 0.384766 0.909180 0.386719 0.909180 0.387695 0.909668 0.388672 0.909668 0.390625 0.910156 0.390625 0.910645 0.391602 0.910645 0.394531 0.910156 0.395508 0.909180 0.395508 0.907715 0.397461 0.906250 0.397461 0.905762 0.398438 0.903320 0.398438 0.902832 0.399414 0.900879 0.399414 0.900391 0.400391 0.899414 0.400391 0.903320 0.400391 0.903809 0.401367 0.906250 0.401367 0.906738 0.402344 0.908203 0.402344 0.908691 0.403320 0.913574 0.403320 0.914062 0.404297 0.915039 0.404297 0.915527 0.405273 0.916504 0.405273 0.916992 0.406250 0.918457 0.406250 0.919922 0.408203 0.920898 0.408203 0.921387 0.409180 0.921875 0.409180 0.923828 0.413086 0.924316 0.413086 0.925293 0.415039 0.925781 0.415039 0.926758 0.416992 0.927734 0.415039 0.928223 0.415039 0.930176 0.411133 0.930664 0.411133 0.931641 0.409180 0.932129 0.409180 0.932617 0.408203 0.933594 0.408203 0.934570 0.406250 0.935059 0.406250 0.936035 0.404297 0.936035 0.403320 0.937012 0.401367 0.937500 0.401367 0.932129 0.401367 0.931641 0.402344 0.927734 0.402344 0.927246 0.401367 0.924805 0.401367 0.924316 0.400391 0.923828 0.400391 0.923340 0.399414 0.922852 0.399414 0.918945 0.391602 0.918457 0.391602 0.917969 0.390625 0.916992 0.390625 0.916504 0.389648 0.916016 0.389648 0.914551 0.386719 0.914551 0.385742 0.916016 0.382812 0.916504 0.382812 0.916504 0.381836 0.917480 0.379883 0.917969 0.379883 0.918457 0.378906 0.918457 0.377930 0.917969 0.376953 0.917969 0.375977 0.916992 0.375977 0.916504 0.375000 0.915527 0.375000 0.915039 0.374023 0.913574 0.374023 0.913086 0.373047 0.912598 0.373047 0.911621 0.371094 0.911133 0.371094 0.910645 0.370117 0.911621 0.367188 0.908203 0.367188 0.907715 0.366211 0.894043 0.366211 0.893555 0.365234
13 0.999512 0.319336 0.999023 0.319336 0.998535 0.318359 0.998047 0.318359 0.997070 0.320312 0.996582 0.320312 0.996094 0.321289 0.995605 0.321289 0.994629 0.323242 0.994141 0.323242 0.993652 0.324219 0.993164 0.324219 0.992676 0.325195 0.992188 0.325195 0.990723 0.328125 0.990234 0.328125 0.989258 0.330078 0.988770 0.330078 0.988281 0.331055 0.987305 0.331055 0.985840 0.333984 0.985352 0.333984 0.984863 0.334961 0.984375 0.334961 0.983887 0.335938 0.983398 0.335938 0.982910 0.336914 0.982422 0.336914 0.981934 0.337891 0.981445 0.337891 0.980957 0.338867 0.979980 0.338867 0.979492 0.339844 0.979004 0.339844 0.978516 0.340820 0.978027 0.340820 0.977539 0.341797 0.977051 0.341797 0.976562 0.342773 0.975586 0.342773 0.975098 0.343750 0.974121 0.343750 0.973633 0.344727 0.973145 0.344727 0.972656 0.345703 0.972168 0.345703 0.971680 0.346680 0.971191 0.346680 0.970215 0.348633 0.969727 0.348633 0.968262 0.351562 0.968262 0.353516 0.969238 0.353516 0.969727 0.354492 0.979004 0.354492 0.979492 0.353516 0.982422 0.353516 0.982910 0.352539 0.983887 0.352539 0.984375 0.351562 0.984863 0.351562 0.985352 0.350586 0.986328 0.350586 0.986816 0.349609 0.988281 0.349609 0.988770 0.348633 0.989258 0.348633 0.989746 0.347656 0.991211 0.347656 0.991699 0.346680 0.992188 0.346680 0.992676 0.345703 0.993164 0.345703 0.993652 0.344727 0.994141 0.344727 0.994629 0.343750 0.995117 0.343750 0.995605 0.342773 0.996582 0.342773 0.997070 0.341797 0.997559 0.341797 0.998535 0.339844 0.999023 0.339844 0.999512 0.338867
13 0.494629 0.196289 0.494629 0.202148 0.495605 0.204102 0.497070 0.204102 0.497559 0.205078 0.498047 0.205078 0.499023 0.207031 0.499512 0.207031 0.500000 0.208008 0.500488 0.208008 0.500977 0.208984 0.501465 0.208984 0.502441 0.210938 0.502930 0.210938 0.503418 0.211914 0.504395 0.211914 0.504883 0.212891 0.505371 0.212891 0.505859 0.213867 0.506348 0.213867 0.506836 0.214844 0.507324 0.214844 0.507812 0.215820 0.508301 0.215820 0.508789 0.216797 0.509277 0.216797 0.509766 0.217773 0.510742 0.217773 0.511230 0.218750 0.513184 0.218750 0.513672 0.219727 0.514160 0.219727 0.514648 0.220703 0.515137 0.220703 0.515625 0.221680 0.516113 0.221680 0.516602 0.222656 0.518555 0.222656 0.519043 0.223633 0.520020 0.223633 0.520508 0.224609 0.521484 0.224609 0.522461 0.222656 0.522949 0.222656 0.523438 0.221680 0.523926 0.221680 0.526367 0.216797 0.525879 0.216797 0.525391 0.215820 0.524414 0.215820 0.523926 0.216797 0.520508 0.216797 0.520020 0.215820 0.520020 0.214844 0.519531 0.213867 0.519043 0.213867 0.518066 0.211914 0.518066 0.210938 0.516113 0.207031 0.515625 0.207031 0.514648 0.205078 0.514160 0.205078 0.513672 0.204102 0.513672 0.203125 0.512695 0.201172 0.512695 0.200195 0.511719 0.198242 0.511719 0.197266 0.511230 0.197266 0.510742 0.196289 0.510742 0.195312 0.509766 0.193359 0.509766 0.192383 0.508789 0.190430 0.508789 0.189453 0.506836 0.185547 0.506348 0.185547 0.505859 0.184570 0.504395 0.184570 0.503906 0.183594 0.502441 0.183594 0.501953 0.184570 0.501465 0.184570 0.500977 0.185547 0.500488 0.185547 0.499512 0.187500 0.499023 0.187500 0.496094 0.193359 0.495605 0.193359 0.495117 0.194336 0.495117 0.195312
13 0.586914 0.181641 0.585449 0.184570 0.585449 0.190430 0.585938 0.191406 0.585938 0.193359 0.586426 0.194336 0.586426 0.196289 0.587402 0.199219 0.587402 0.201172 0.587891 0.202148 0.587891 0.203125 0.589355 0.206055 0.589844 0.206055 0.593750 0.213867 0.593750 0.219727 0.591797 0.223633 0.589355 0.225586 0.587891 0.228516 0.587402 0.228516 0.585938 0.230469 0.584961 0.230469 0.584473 0.231445 0.583008 0.231445 0.582520 0.232422 0.581055 0.232422 0.580566 0.233398 0.580078 0.233398 0.579590 0.234375 0.579102 0.234375 0.578613 0.235352 0.578125 0.235352 0.574707 0.239258 0.573730 0.239258 0.572754 0.241211 0.572754 0.245117 0.573242 0.246094 0.582520 0.246094 0.583008 0.245117 0.588867 0.245117 0.589355 0.246094 0.590820 0.247070 0.591797 0.249023 0.592285 0.249023 0.592773 0.250000 0.595215 0.250000 0.595703 0.250977 0.599609 0.250977 0.602051 0.253906 0.603027 0.253906 0.603516 0.254883 0.604492 0.254883 0.604980 0.255859 0.606445 0.255859 0.606934 0.256836 0.608398 0.256836 0.608887 0.257812 0.613281 0.257812 0.613770 0.258789 0.615723 0.258789 0.616211 0.259766 0.617676 0.259766 0.618164 0.260742 0.621094 0.260742 0.621582 0.259766 0.623535 0.259766 0.623535 0.256836 0.623047 0.255859 0.623047 0.247070 0.622559 0.246094 0.621582 0.241211 0.620605 0.241211 0.619141 0.236328 0.618164 0.236328 0.617676 0.235352 0.616211 0.235352 0.615723 0.234375 0.614746 0.234375 0.613281 0.232422 0.613281 0.225586 0.613770 0.224609 0.613281 0.223633 0.612793 0.223633 0.611816 0.220703 0.611816 0.211914 0.611328 0.210938 0.611328 0.207031 0.610840 0.206055 0.610840 0.205078 0.609863 0.203125 0.609863 0.202148 0.608398 0.199219 0.607422 0.199219 0.606934 0.200195 0.606445 0.200195 0.605957 0.201172 0.605957 0.202148 0.605469 0.203125 0.604980 0.203125 0.604980 0.204102 0.604492 0.205078 0.598145 0.205078 0.597656 0.204102 0.597656 0.197266 0.599121 0.192383 0.599121 0.189453 0.599609 0.188477 0.599609 0.186523 0.600098 0.185547 0.600098 0.182617 0.599609 0.181641 0.599609 0.180664 0.599121 0.180664 0.598633 0.179688 0.597168 0.179688 0.596680 0.178711 0.591309 0.178711 0.590820 0.179688 0.588867 0.179688 0.588379 0.180664
14 0.895996 0.405273 0.895996 0.408203 0.902344 0.414062 0.904785 0.417969 0.906738 0.418945 0.908203 0.421875 0.908691 0.421875 0.909668 0.423828 0.910645 0.423828 0.916504 0.432617 0.917969 0.433594 0.919922 0.436523 0.920898 0.436523 0.922363 0.439453 0.922852 0.439453 0.925293 0.443359 0.926270 0.443359 0.927734 0.446289 0.931152 0.450195 0.932617 0.453125 0.935059 0.454102 0.937988 0.458984 0.938477 0.458984 0.940918 0.462891 0.941895 0.462891 0.948730 0.472656 0.950195 0.472656 0.956543 0.481445 0.957520 0.481445 0.963867 0.490234 0.965332 0.490234 0.966309 0.492188 0.966797 0.492188 0.972168 0.500000 0.973145 0.500000 0.977051 0.505859 0.979004 0.507812 0.980469 0.507812 0.981445 0.509766 0.985352 0.513672 0.987793 0.517578 0.988770 0.517578 0.990723 0.520508 0.992188 0.521484 0.994629 0.525391 0.996582 0.525391 0.997559 0.527344 0.999512 0.529297 0.999512 0.508789 0.997070 0.504883 0.994629 0.502930 0.993164 0.500000 0.992676 0.500000 0.988770 0.494141 0.987793 0.494141 0.985840 0.491211 0.983887 0.490234 0.981445 0.486328 0.979492 0.485352 0.974121 0.477539 0.972168 0.476562 0.970215 0.473633 0.969238 0.473633 0.968262 0.471680 0.967773 0.471680 0.965332 0.467773 0.964355 0.467773 0.957520 0.458008 0.956543 0.458008 0.955566 0.456055 0.952637 0.454102 0.951660 0.452148 0.947754 0.448242 0.942383 0.440430 0.939453 0.437500 0.938477 0.437500 0.937500 0.435547 0.937012 0.435547 0.934570 0.431641 0.932129 0.429688 0.926758 0.421875 0.924805 0.419922 0.923828 0.419922 0.922852 0.416016 0.920410 0.412109 0.918457 0.411133 0.917969 0.410156 0.915527 0.410156 0.915039 0.409180 0.913574 0.409180 0.913086 0.408203 0.911621 0.408203 0.911133 0.407227 0.908203 0.407227 0.907715 0.406250 0.904297 0.406250 0.903809 0.405273
16 0.999512 0.450195 0.999512 0.392578 0.996582 0.396484 0.993164 0.397461 0.985840 0.395508 0.981934 0.390625 0.980469 0.380859 0.977051 0.376953 0.977539 0.371094 0.979980 0.365234 0.998535 0.359375 0.999512 0.357422 0.999512 0.347656 0.980469 0.357422 0.965820 0.359375 0.963867 0.355469 0.966309 0.345703 0.981934 0.334961 0.993652 0.318359 0.999512 0.315430 0.999512 0.269531 0.994629 0.276367 0.990723 0.286133 0.981445 0.294922 0.974609 0.295898 0.968262 0.310547 0.962402 0.314453 0.953613 0.330078 0.937500 0.335938 0.926270 0.335938 0.921387 0.329102 0.918457 0.319336 0.917969 0.313477 0.914062 0.306641 0.908203 0.304688 0.896484 0.316406 0.891602 0.319336 0.881348 0.333008 0.875488 0.337891 0.873047 0.342773 0.872070 0.349609 0.875488 0.354492 0.889160 0.360352 0.912598 0.362305 0.914062 0.368164 0.916992 0.368164 0.921875 0.373047 0.928711 0.375000 0.929688 0.376953 0.928711 0.382812 0.921875 0.379883 0.920410 0.383789 0.923828 0.386719 0.926270 0.392578 0.928223 0.393555 0.937012 0.390625 0.945312 0.392578 0.947754 0.389648 0.950195 0.382812 0.961426 0.378906 0.961426 0.382812 0.959961 0.386719 0.944824 0.396484 0.928711 0.418945 0.940918 0.436523 0.942383 0.436523 0.956055 0.453125 0.959473 0.454102 0.960938 0.452148 0.985352 0.455078
16 0.000000 0.032227 0.000000 0.946289 0.127441 0.900391 0.253906 0.817383 0.275391 0.763672 0.287109 0.755859 0.289062 0.789062 0.299316 0.810547 0.357422 0.831055 0.376953 0.860352 0.392578 0.866211 0.396973 0.899414 0.406250 0.913086 0.449219 0.912109 0.467773 0.961914 0.494629 0.999023 0.506836 0.769531 0.500000 0.722656 0.509277 0.651367 0.536621 0.579102 0.559082 0.579102 0.600098 0.536133 0.597656 0.483398 0.604004 0.458008 0.617188 0.443359 0.639160 0.463867 0.652832 0.521484 0.609863 0.531250 0.553711 0.592773 0.560059 0.612305 0.576660 0.625977 0.572266 0.683594 0.550781 0.736328 0.510254 0.764648 0.497070 0.999023 0.843750 0.999023 0.835449 0.962891 0.862793 0.864258 0.848145 0.946289 0.856934 0.999023 0.999512 0.999023 0.999512 0.532227 0.895996 0.410156 0.896484 0.393555 0.908203 0.391602 0.893555 0.383789 0.882324 0.360352 0.856934 0.342773 0.818359 0.341797 0.799805 0.358398 0.762207 0.362305 0.734863 0.393555 0.672852 0.316406 0.653809 0.312500 0.634766 0.279297 0.607422 0.258789 0.519043 0.241211 0.525879 0.285156 0.512695 0.302734 0.500000 0.251953 0.516602 0.262695 0.513184 0.241211 0.482910 0.224609 0.457031 0.155273 0.415039 0.116211 0.384277 0.121094 0.368164 0.086914 0.262207 0.115234 0.205566 0.069336 0.176270 0.130859 0.143066 0.101562 0.108398 0.106445 0.032715 0.016602 0.023438 0.016602 0.012207 0.041992
22 0.550781 0.591797 0.548340 0.590820 0.542969 0.596680 0.541992 0.596680 0.540527 0.598633 0.539551 0.598633 0.539551 0.599609 0.537109 0.605469 0.536133 0.609375 0.535156 0.611328 0.534668 0.611328 0.529297 0.631836 0.528320 0.633789 0.528320 0.634766 0.527344 0.636719 0.526855 0.636719 0.523926 0.648438 0.523926 0.650391 0.522949 0.652344 0.522949 0.654297 0.521484 0.661133 0.520020 0.664062 0.520020 0.665039 0.519043 0.666016 0.515137 0.673828 0.512207 0.686523 0.511230 0.687500 0.510254 0.691406 0.510254 0.693359 0.509277 0.696289 0.508301 0.704102 0.507324 0.707031 0.507324 0.709961 0.506836 0.710938 0.505859 0.718750 0.504395 0.723633 0.504395 0.725586 0.503418 0.726562 0.503418 0.731445 0.502930 0.732422 0.502930 0.737305 0.503418 0.738281 0.503418 0.740234 0.504395 0.741211 0.507324 0.753906 0.509277 0.757812 0.516602 0.756836 0.517090 0.755859 0.520508 0.754883 0.524902 0.750977 0.528809 0.750000 0.529297 0.749023 0.530762 0.749023 0.534180 0.746094 0.537109 0.745117 0.541504 0.740234 0.543457 0.740234 0.544434 0.738281 0.546387 0.736328 0.547363 0.734375 0.549316 0.727539 0.550293 0.725586 0.550781 0.725586 0.551758 0.721680 0.552246 0.715820 0.553711 0.709961 0.558105 0.701172 0.559082 0.701172 0.562500 0.695312 0.565430 0.683594 0.566406 0.682617 0.566895 0.678711 0.567871 0.675781 0.567871 0.673828 0.569336 0.667969 0.569824 0.659180 0.570312 0.658203 0.570312 0.655273 0.570801 0.654297 0.570801 0.651367 0.571777 0.647461 0.572266 0.641602 0.573242 0.637695 0.574219 0.636719 0.574219 0.628906 0.573242 0.627930 0.572754 0.625000 0.569336 0.622070 0.567871 0.622070 0.567383 0.621094 0.563965 0.621094 0.563477 0.620117 0.559082 0.620117 0.558594 0.619141 0.556641 0.619141 0.556152 0.618164 0.556152 0.612305 0.552734 0.598633 0.551758 0.596680
22 0.599609 0.507812 0.599609 0.510742 0.600098 0.511719 0.600098 0.518555 0.600586 0.519531 0.600586 0.524414 0.602051 0.527344 0.604492 0.527344 0.604980 0.526367 0.605957 0.526367 0.606445 0.525391 0.606934 0.525391 0.607422 0.524414 0.607910 0.524414 0.608398 0.523438 0.608887 0.523438 0.609375 0.522461 0.610352 0.522461 0.610840 0.521484 0.612305 0.521484 0.612793 0.520508 0.615723 0.520508 0.616211 0.519531 0.634277 0.519531 0.634277 0.514648 0.633789 0.513672 0.633789 0.512695 0.633301 0.511719 0.633301 0.509766 0.632324 0.507812 0.632324 0.506836 0.631836 0.505859 0.631836 0.504883 0.631348 0.503906 0.631348 0.501953 0.630859 0.500977 0.630859 0.500000 0.630371 0.499023 0.630371 0.497070 0.629883 0.496094 0.629883 0.495117 0.629395 0.494141 0.629395 0.493164 0.628906 0.492188 0.628418 0.492188 0.627930 0.491211 0.627441 0.491211 0.626953 0.490234 0.626465 0.490234 0.624512 0.486328 0.624512 0.485352 0.624023 0.484375 0.623535 0.484375 0.622559 0.482422 0.622070 0.482422 0.621582 0.483398 0.620117 0.483398 0.619629 0.482422 0.619141 0.482422 0.618652 0.481445 0.614746 0.481445 0.614258 0.482422 0.611816 0.482422 0.611328 0.483398 0.610840 0.483398 0.609863 0.485352 0.609375 0.485352 0.606445 0.491211 0.605957 0.491211 0.605469 0.492188 0.604980 0.492188 0.604980 0.493164 0.604492 0.494141 0.604492 0.495117 0.603516 0.497070 0.603516 0.498047 0.602051 0.500977 0.602051 0.501953 0.600586 0.504883 0.600586 0.505859
22 0.780273 0.434570 0.780762 0.439453 0.783203 0.445312 0.791504 0.450195 0.793457 0.450195 0.797852 0.454102 0.803223 0.456055 0.810059 0.461914 0.814941 0.469727 0.818359 0.472656 0.829102 0.490234 0.844727 0.525391 0.849609 0.530273 0.859863 0.528320 0.869141 0.531250 0.872070 0.533203 0.877441 0.541016 0.889160 0.551758 0.900391 0.555664 0.915039 0.558594 0.918457 0.565430 0.922852 0.579102 0.926270 0.581055 0.939941 0.578125 0.944336 0.574219 0.946289 0.569336 0.945801 0.562500 0.943359 0.559570 0.935059 0.557617 0.930176 0.554688 0.926270 0.554688 0.918457 0.551758 0.911621 0.551758 0.905762 0.548828 0.901367 0.548828 0.897461 0.544922 0.894531 0.540039 0.893555 0.540039 0.890625 0.534180 0.886719 0.522461 0.885254 0.520508 0.883301 0.512695 0.883789 0.506836 0.883301 0.484375 0.879883 0.476562 0.869629 0.467773 0.867676 0.463867 0.865723 0.454102 0.865234 0.427734 0.864258 0.424805 0.859375 0.419922 0.857910 0.419922 0.851074 0.414062 0.845215 0.412109 0.840332 0.413086 0.832520 0.419922 0.822754 0.418945 0.812500 0.409180 0.799805 0.413086 0.788574 0.413086 0.784668 0.420898 0.783691 0.426758 0.781250 0.430664
30 0.627930 0.253906 0.625977 0.261719 0.625977 0.263672 0.627441 0.267578 0.629395 0.270508 0.634766 0.272461 0.636230 0.275391 0.637695 0.275391 0.654297 0.304688 0.655273 0.308594 0.663086 0.306641 0.665527 0.308594 0.669434 0.309570 0.674805 0.315430 0.675781 0.315430 0.681641 0.325195 0.683594 0.326172 0.685547 0.329102 0.687012 0.329102 0.690430 0.333984 0.692383 0.334961 0.698242 0.347656 0.699707 0.348633 0.701660 0.356445 0.703125 0.358398 0.716797 0.365234 0.722168 0.373047 0.723145 0.373047 0.725098 0.375977 0.723633 0.371094 0.720215 0.367188 0.720703 0.362305 0.721680 0.360352 0.723145 0.360352 0.725098 0.358398 0.728027 0.360352 0.729980 0.356445 0.730957 0.356445 0.733887 0.349609 0.731445 0.342773 0.731445 0.338867 0.734863 0.333984 0.735352 0.322266 0.734863 0.319336 0.731445 0.322266 0.730957 0.321289 0.730957 0.319336 0.733398 0.311523 0.733887 0.300781 0.730957 0.292969 0.730469 0.290039 0.729492 0.289062 0.728516 0.280273 0.726562 0.279297 0.724121 0.274414 0.727539 0.269531 0.729004 0.263672 0.729492 0.256836 0.730469 0.255859 0.730469 0.252930 0.727051 0.248047 0.719727 0.244141 0.717285 0.241211 0.713379 0.240234 0.708008 0.236328 0.706055 0.236328 0.703613 0.240234 0.702148 0.241211 0.700195 0.245117 0.698730 0.245117 0.697266 0.243164 0.700684 0.230469 0.700684 0.228516 0.697754 0.223633 0.695312 0.223633 0.693359 0.221680 0.690430 0.220703 0.685547 0.214844 0.680176 0.212891 0.677246 0.215820 0.675781 0.218750 0.671875 0.218750 0.669922 0.220703 0.668457 0.223633 0.667480 0.223633 0.661621 0.234375 0.654785 0.233398 0.649902 0.229492 0.643066 0.229492 0.641113 0.230469 0.633789 0.241211 0.631348 0.248047
30 0.416992 0.109375 0.416992 0.113281 0.423828 0.115234 0.435059 0.129883 0.458008 0.150391 0.467285 0.170898 0.483887 0.168945 0.494141 0.172852 0.498535 0.182617 0.506836 0.181641 0.510254 0.188477 0.514160 0.203125 0.521973 0.214844 0.528320 0.214844 0.529297 0.217773 0.520996 0.227539 0.495605 0.208008 0.488281 0.195312 0.483398 0.197266 0.482422 0.206055 0.487793 0.222656 0.503906 0.227539 0.515625 0.234375 0.529785 0.234375 0.546387 0.242188 0.557617 0.241211 0.566895 0.244141 0.578613 0.230469 0.583984 0.229492 0.592773 0.216797 0.585449 0.200195 0.583008 0.188477 0.587402 0.176758 0.598633 0.175781 0.601074 0.178711 0.602051 0.184570 0.598633 0.204102 0.603027 0.204102 0.607910 0.194336 0.613770 0.208008 0.612305 0.217773 0.613770 0.222656 0.615723 0.223633 0.613770 0.228516 0.614258 0.232422 0.618652 0.232422 0.623535 0.239258 0.630859 0.243164 0.632324 0.239258 0.630859 0.231445 0.638184 0.225586 0.640625 0.217773 0.639160 0.209961 0.645508 0.204102 0.646484 0.196289 0.644531 0.189453 0.635254 0.175781 0.634766 0.164062 0.642090 0.158203 0.643066 0.151367 0.641602 0.148438 0.636230 0.147461 0.632812 0.130859 0.625000 0.133789 0.621094 0.121094 0.616211 0.118164 0.612793 0.123047 0.610840 0.131836 0.608398 0.133789 0.604004 0.121094 0.596191 0.116211 0.587891 0.129883 0.578613 0.124023 0.571777 0.125000 0.570801 0.127930 0.571289 0.142578 0.566895 0.132812 0.566895 0.121094 0.564453 0.109375 0.564941 0.096680 0.554199 0.085938 0.550293 0.084961 0.548340 0.087891 0.547852 0.084961 0.550781 0.076172 0.544434 0.061523 0.531250 0.061523 0.523438 0.066406 0.513672 0.061523 0.518555 0.078125 0.516602 0.086914 0.502930 0.081055 0.498047 0.069336 0.496582 0.080078 0.494141 0.084961 0.485840 0.086914 0.479492 0.098633 0.478516 0.108398 0.475098 0.116211 0.469727 0.116211 0.467773 0.102539 0.458984 0.105469 0.445801 0.098633 0.447266 0.115234 0.444824 0.115234 0.441406 0.107422 0.434082 0.101562 0.430176 0.105469 0.422852 0.103516